
51808.54
51811.89
51807.14
51804.49
51790.61
51788.11
51782.58
51783.38
51777.05
51769.0
51727.63
51724.37
51748.0
51758.71
51727.32
51715.86
51711.03
51698.6
51718.27
51705.56
51714.57
51713.92
51708.42
51709.48
51692.55
51687.4
51672.62
51685.06
51697.26
51697.14
51705.81
51692.18
51695.29
51697.45
51692.6
51653.15
51608.01
51644.81
51675.26
51626.86
51611.15
51586.09
51551.83
51606.54
51591.2
51626.07
51582.55
51564.84
51544.36
51552.36
51559.89
51533.03
51590.6
51594.11
51591.06
51609.37
51627.56
51653.8
51650.55
51662.54
51665.1
51681.95
51676.19
51703.69
51686.76
51669.39
51664.45
51646.96
51639.78
51664.73
51660.82
51665.23
51664.66
51678.24
51676.02
51679.5
51689.23
51680.13
51692.64
51693.24
51695.41
51708.72
51727.32
51733.69
51755.08
51746.6
51748.09
51765.39
51772.52
51757.74
51747.08
51732.68
51712.71
51739.62
51720.58
51724.91
51733.42
51740.15
51749.23
51745.51
51744.29
51746.67
51756.02
51758.89
51762.0
51767.72
51767.99
51766.05
51763.83
51740.11
51736.22
51730.41
51737.8
51732.64
51723.03
51727.75
51757.64
51767.56
51769.55
51783.23
51799.87
51777.89
51774.82
51774.55
51772.7
51775.8
51737.65
51737.8
51752.81
51739.24
51725.76
51726.72
51751.24
51764.37
51747.86
51750.91
51729.18
51729.12
51740.36
51722.54
51712.38
51705.14
51709.61
51712.48
51702.56
51702.25
51699.2
51687.63
51683.64
51684.79
51702.38
51702.44
51708.76
51710.4
51709.44
51698.74
51695.63
51668.85
51660.76
51671.4
51681.25
51683.22
51674.58
51688.55
51671.23
51665.74
51677.82
51687.76
51711.02
51694.38
51679.64
51661.72
51654.27
51651.99
51644.42
51639.13
51633.81
51613.68
51600.19
51577.75
51598.29
51607.1
51621.93
51633.61
51632.06
51631.65
51630.65
51632.8
51638.73
51670.07
51697.75
51730.02
51749.72
51735.86
51728.66
51714.39
51729.54
51724.85
51716.47
51715.14
51708.76
51723.01
51722.5
51730.75
51703.92
51706.7
51681.47
51685.84
51656.7
51635.97
51615.64
51614.44
51601.21
51588.25
51609.96
51600.04
51596.58
51592.15
51574.46
51549.98
51578.88
51609.18
51594.98
51559.72
51542.76
51546.99
51544.7
51540.32
51540.4
51517.72
51458.49
51419.43
51382.01
51441.04
51418.44
51370.2
51260.24
51181.09
51173.57
51330.33
51317.18
51291.53
51245.11
51190.22
51257.43
51281.9
51288.79
51270.84
51259.73
51301.69
51287.01
51216.32
51210.96
51202.11
51220.23
51179.88
51168.71
51150.36
51145.89
51188.25
51196.71
51233.48
51209.34
51237.84
51268.19
51292.65
51286.68
51279.06
51269.42
51264.32
51261.06
51265.63
51273.71
51249.86
51243.42
51227.12
51201.93
51211.67
51216.85
51263.15
51320.68
51313.69
51316.99
51328.39
51336.87
51324.39
51287.69
51254.43
51239.59
51212.84
51226.78
51192.87
51144.26
51016.3
50834.12
50963.12
50883.37
50815.88
50854.06
50920.17
50853.89
50814.64
50816.31
50796.7
50773.21
50813.21
50783.74
50757.25
50682.18
50678.27
50736.16
50832.3
50847.82
50852.91
50793.77
50833.34
50887.36
50898.34
50880.19
50861.82
50838.03
50833.87
50817.06
50772.05
50796.44
50762.41
50743.29
50783.71
50747.49
50730.02
50672.71
50742.58
50759.07
50755.36
50729.75
50794.46
50831.42
50829.34
50850.57
50854.66
50779.47
50829.33
50873.15
50891.4
50911.76
50907.11
50934.34
50967.22
50975.98
50995.61
51079.85
51099.56
51174.14
51124.53
51108.99
51029.59
51015.42
51077.15
51041.33
51061.52
51058.92
51113.25
51066.78
51047.12
51057.5
51056.86
51020.74
50977.29
50995.95
50978.39
50977.88
51000.89
51017.13
50999.49
50998.77
51023.25
51051.43
51026.0
51012.65
51002.26
50957.87
50939.39
50911.22
50902.23
50899.17
50911.99
50878.07
50869.14
50867.23
50913.94
50909.3
50887.04
50867.25
50860.37
50830.92
50821.25
50780.28
50805.81
50794.05
50779.8
50804.09
50821.51
50814.63
50802.79
50779.1
50797.23
50827.58
50830.62
50838.12
50835.05
50875.76
50825.65
50793.85
50782.52
50791.24
50832.34
50881.15
50904.83
50930.01
50909.4
50936.04
50940.63
50928.66
50931.14
50906.06
50930.14
50940.17
50964.86
50961.33
51001.17
51009.61
51023.18
50970.02
50949.82
50963.83
50963.16
50964.78
50961.79
50970.75
50975.84
50979.49
51021.22
51040.43
51068.7
51060.74
51052.48
51089.96
51193.83
51155.32
51147.91
51174.82
51192.25
51188.56
51163.33
51173.44
51191.26
51200.49
51207.62
51187.44
51214.93
51183.39
51171.04
51146.9
51157.81
51184.74
51180.37
51178.55
51144.42
51130.84

51536.01

51532.6

51535.11

51552.01

51556.21

51551.83

51541.23

51537.14

51530.48

51541.81

51550.89

51552.4

51554.08

51545.54

51537.72

51536.36

51512.34

51473.63

51480.41

51502.34

51482.74

51498.51

51495.4

51488.35

51487.56

51487.38

51486.81

51496.69

51501.9

51504.58

51509.05

51509.88

51512.94

51508.68

51510.3

51510.74

51510.4

51511.12

51512.35

51515.64

51515.33

51520.75

51515.32

51490.61

51487.53

51492.42

51499.24

51490.11

51489.66

51508.38

51526.63

51538.25

51546.03

51556.26

51551.25

51548.42

51570.11

51561.42

51566.23

51559.25

51558.73

51568.12

51579.28

51592.26

51607.9

51614.99

51618.02

51638.01

51697.33

51706.08

51731.07

51825.54

51910.64

51865.8

51886.69

51896.02

51865.73

51869.69

51880.48

51855.7

51850.15

51859.76

51839.06

51814.28

51808.49

51816.48

51820.54

51818.39

51848.98

51852.01

51852.92

51857.64

51858.39

51865.61

51882.71

51891.36

51876.63

51900.6

51890.28

51888.7

51921.24

51913.55

51926.83

51936.43

52010.25

51949.29

51956.61

51931.95

51920.24

51925.95

51932.25

51940.55

51943.3

51934.77

51897.36

51882.26

51862.26

51869.96

51879.87

51918.07

51905.3

51890.63

51868.96

51862.54

51862.82

51866.97

51876.76

51897.16

51907.85

51887.63

51871.28

51858.88

51858.68

51861.05

51857.63

51840.16

51845.88

51842.74

51826.9

51841.95

51848.43

51838.18

51836.51

51830.26

51828.07

51832.83

51829.61

51836.18

51820.28

51818.9

51783.79

51781.84

51779.31

51754.57

51772.1

51770.54

51757.9

51752.65

51746.17

51744.44

51761.24

51761.79

51760.39

51756.71

51745.47

51734.73

51736.22

51738.17

51749.08

51751.13

51799.64

51829.35

51820.67

51817.83

51814.18

51824.6

51822.45

51807.99

51812.67

51801.22

51799.2

51796.43

51780.05

51775.69

51756.95

51764.61

51768.48

51765.15

51763.39

51749.13

51741.96

51722.47

51729.53

51721.56

51722.84

51724.49

51724.12

51746.68

51772.56

51788.29

51783.38

51757.35

51743.98

51732.17

51727.44

51757.41

51756.13

51762.8

51755.51

51738.27

51733.38

51719.61

51721.65

51716.66

51716.69

51722.8

51731.59

51723.25

51720.37

51725.07

51724.41

51727.37

51709.6

51708.75

51699.41

51722.14

51721.56

51728.93

51739.94

51739.94

51770.18

51774.35

51797.2

51798.95

51792.33

51798.48

51802.46

51810.63

51813.09

51816.12

51810.52

51797.98

51810.19

51804.82

51805.0

51829.73

51865.07

51864.51

51857.44

51868.46

51871.17

51855.19

51840.1

51819.29

51820.5

51803.48

51787.22

51777.8

51776.32

51776.94

51780.08

51792.03

51799.07

51787.01

51786.92

51793.31

51800.09

51807.35

51807.63

51813.69

51825.17

51844.48

51847.51

51833.07

51833.35

51834.98

51833.24

51840.03

51833.22

51832.62

51832.79

51832.82

51828.57

51811.79

51812.22

51799.66

51799.45

51799.45

51783.32

51753.59

51740.85

51741.84

51742.46

51743.37

51736.85

51720.55

51713.81

51714.07

51716.97

51709.07

51711.6

51711.68

51711.83

51712.18

51700.91

51689.7

51691.47

51668.02

51641.39

51639.35

51627.86

51609.29

51625.18

51654.31

51656.52

51661.17

51664.24

51665.09

51700.28

51700.92

51700.58

51700.83

51700.32

51680.51

51673.67

51650.41

51657.79

51657.9

51658.01

51663.1

51693.45

51703.93

51707.66

51708.09

51713.63

51716.13

51695.59

51672.49

51683.08

51687.13

51687.48

51688.13

51688.66

51691.4

51691.08

51689.18

51690.93

51688.54

51687.78

51685.32

51685.18

51694.62

51706.6

51707.63

51718.89

51703.97

51703.75

51701.78

51680.35

51660.58

51657.96

51668.31

51658.57

51657.28

51655.49

51654.22

51653.35

51644.51

51650.11

51650.04

51640.65

51649.03

51652.87

51653.88

51647.27

51652.21

51655.23

51654.32

51651.68

51656.95

51654.33

51653.37

51653.37

51655.78

51647.93

51647.11

51646.8

51640.07

51634.7

51636.34

51626.89

51634.27

51635.61

51637.85

51637.86

51638.83

51638.53

51637.59

51631.92

51629.71

51646.99

51636.67

51639.83

51645.56

51650.51

51650.45

51648.0

51642.42

51628.2

51627.8

51624.68

51629.41

51623.03

51618.42

51616.81

51616.75

51614.53

51626.85

51624.39

51621.84

51621.65

51618.76

51618.84

51612.37

51611.58

51611.18

51612.66

51612.01

51609.33

51618.22

51623.49

51633.68

51635.22

51637.93

51633.01

51636.3

51636.53

51637.1

51636.97

51641.51

51645.11

51646.89

51642.6

51637.85

51641.36

51644.77

51645.35

51656.22

51648.89

51644.57

51645.22

51642.75

51637.68

51637.52

51638.22

51637.58

51645.44

51648.82

51649.37

51650.34

51664.79

51676.8

51676.68

51677.55

51670.84

51671.01

51670.06

51680.77

51690.72

51696.69

51693.33

51702.42

51706.81

51711.81

51707.88

51697.51

51707.41

51708.18

51710.74

51710.48

51703.7

51709.48

51705.13

51706.15

51706.79

51718.71

51720.44

51725.99

51728.03

51736.53

51738.22

51741.07

51737.21

51745.98

51735.79

51734.1

51728.44

51727.78

51727.42

51725.28

51727.46

51726.77

51719.45

51724.35

51722.03

51718.0

51707.17

51703.87

51703.02

51700.16

51694.92

51692.64

51691.29

51691.65

51696.9

51695.89

51697.41

51694.37

51690.58

51683.22

51683.68

51680.15

51673.99

51668.93

51665.21

51657.76

51665.71

51666.62

51667.78

51668.33

51668.78

51675.99

51669.1

51678.75

51679.68

51678.91

51658.82

51652.83

51649.57

51647.24

51646.82

51655.61

51650.99

51648.88

51648.14

51630.56

51641.02

51640.91

51637.79

51634.61

51633.15

51627.93

51627.17

51631.3

51632.56

51636.99

51650.55

51652.53

51654.91

51655.75

51642.89

51643.84

51636.6

51634.02

51643.5

51652.72

51662.22

51662.01

51665.31

51673.48

51673.28

51674.32

51664.61

51663.47

51660.04

51672.16

51654.15

51656.17

51655.95

51655.74

51656.78

51655.28

51658.44

51665.31

51678.82

51680.75

51684.97

51697.78

51701.56

51708.28

51716.58

51731.64

51732.64

51758.68

51765.06

51770.59

51768.61

51761.97

51743.65

51738.52

51725.6

51715.33

51715.04

51711.58

51719.24

51717.99

51709.8

51702.33

51699.75

51680.3

51677.48

51672.64

51663.42

51663.46

51664.9

51665.39

51662.7

51662.79

51663.31

51668.81

51667.72

51668.96

51686.92

51672.06

51670.12

51668.25

51683.19

51680.73

51673.68

51670.05

51662.63

51657.73

51653.29

51648.81

51646.81

51645.58

51629.6

51627.7

51621.8

51623.88

51620.71

51618.58

51618.52

51618.97

51601.87

51570.81

51573.7

51581.0

51579.87

51581.31

51582.44

51591.65

51594.85

51601.31

51602.43

51588.01

51589.88

51590.55

51590.72

51587.01

51573.08

51576.16

51587.19

51596.18

51601.13

51605.23

51604.14

51592.24

51589.24

51592.06

51591.37

51592.55

51606.23

51605.11

51603.64

51602.92

51597.69

51596.39

51594.84

51596.74

51606.86

51614.56

51618.42

51619.73

51626.47

51632.74

51632.81

51648.03

51647.52

51644.53

51645.48

51644.98

51648.22

51637.27

51643.48

51652.33

51652.49

51654.8

51661.99

51663.36

51671.79

51687.52

51688.69

51685.45

51689.1

51690.93

51689.09

51702.26

51706.91

51705.41

51709.82

51721.4

51721.79

51732.36

51721.95

51719.27

51731.88

51740.06

51746.94

51744.17

51752.2

51752.86

51746.03

51746.85

51750.95

51759.93

51760.42

51772.02

51792.35

51793.69

51801.61

51803.09

51792.97

51779.36

51768.72

51762.6

51760.2

51756.78

51752.44

51749.93

51752.09

51747.4

51746.74

51749.45

51749.0

51746.11

51747.03

51743.34

51731.8

51735.65

51742.6

51744.9

51752.77

51747.17

51752.94

51758.02

51756.42

51758.05

51754.68

51744.6

51740.4

51733.58

51726.43

51706.94

51704.69

51694.93

51696.14

51697.96

51714.4

51710.38

51709.02

51710.28

51710.56

51718.89

51722.59

51726.71

51727.66

51727.81

51720.19

51720.5

51719.78

51714.39

51701.97

51698.66

51702.87

51708.23

51708.51

51706.2

51706.53

51701.81

51700.9

51712.93

51715.49

51715.12

51715.38

51719.62

51721.15

51741.7

51745.38

51744.77

51746.67

51750.2

51735.56

51725.22

51716.99

51713.42

51699.55

51700.51

51693.96

51691.45

51678.76

51677.51

51675.89

51674.78

51673.06

51682.29

51680.02

51681.21

51688.65

51686.35

51685.47

51686.08

51689.69

51692.52

51691.52

51669.55

51647.56

51637.33

51633.41

51633.16

51632.14

51628.27

51626.19

51625.0

51624.86

51626.93

51621.74

51620.91

51618.3

51614.08

51623.52

51616.37

51602.09

51613.9

51613.52

51608.89

51602.06

51590.01

51587.14

51595.05

51598.84

51589.72

51590.41

51585.05

51588.55

51592.19

51600.44

51599.62

51599.02

51598.03

51593.6

51600.4

51603.44

51604.44

51602.13

51598.13

51594.82

51594.56

51594.12

51587.0

51584.45

51546.96

51533.74

51535.16

51523.3

51533.33

51533.94

51520.56

51512.57

51512.22

51530.54

51539.52

51549.21

51552.8

51567.57

51558.26

51547.11

51547.24

51555.96

51547.85

51542.61

51541.05

51541.4

51540.31

51539.62

51539.44

51543.03

51540.57

51529.89

51519.93

51511.93

51494.16

51460.27

51387.37

51396.49

51392.77

51394.23

51401.06

51414.21

51434.09

51435.32

51435.43

51446.72

51463.86

51459.42

51469.69

51473.54

51480.77

51479.12

51479.02

51486.63

51487.43

51487.52

51490.61

51491.68

51490.42

51493.39

51506.33

51507.76

51507.12

51516.1

51507.87

51511.61

51504.17

51499.31

51495.06

51495.07

51509.49

51535.53

51533.02

51536.39

51536.15

51536.58

51550.82

51536.64

51545.61

51548.94

51548.49

51542.93

51545.28

51543.93

51546.47

51544.08

51538.17

51530.97

51525.7

51527.92

51534.31

51533.62

51533.34

51534.73

51533.9

51539.38

51545.16

51545.22

51547.73

51545.3

51536.96

51534.49

51523.35

51523.7

51534.49

51535.1

51536.94

51532.27

51516.89

51510.64

51493.4

51493.2

51493.78

51493.6

51505.42

51500.38

51489.52

51487.66

51474.29

51479.26

51470.08

51467.51

51465.13

51464.24

51420.27

51420.59

51396.26

51395.3

51405.78

51413.77

51409.73

51353.61

51368.47

51374.13

51394.06

51401.36

51407.16

51366.4

51373.05

51382.72

51396.9

51410.97

51426.56

51426.72

51409.53

51411.96

51420.76

51418.46

51413.05

51413.36

51405.95

51378.99

51346.23

51330.61

51267.22

51273.47

51279.03

51263.12

51245.24

51252.61

51264.35

51277.51

51272.46

51267.38

51274.4

51270.99

51268.32

51268.45

51253.33

51265.51

51256.29

51237.08

51239.16

51234.66

51223.55

51212.0

51234.37

51236.18

51247.39

51259.76

51261.72

51245.41

51231.8

51219.76

51223.23

51240.12

51253.47

51277.61

51276.02

51279.6

51280.85

51290.32

51295.66

51285.1

51298.21

51309.26

51309.53

51307.19

51296.81

51304.01

51315.63

51323.47

51329.97

51310.19

51312.35

51318.68

51324.58

51320.26

51324.62

51333.23

51334.98

51337.24

51329.09

51327.72

51325.51

51332.91

51339.38

51343.75

51327.68

51326.26

51319.63

51312.36

51308.41

51313.78

51322.99

51331.38

51332.01

51346.3

51348.98

51347.73

51343.93

51343.92

51343.0

51345.41

51349.18

51345.44

51341.13

51343.74

51336.78

51328.26

51328.1

51322.07

51321.7

51322.29

51324.62

51317.9

51304.43

51300.1

51295.33

51286.6

51285.16

51301.16

51311.73

51314.44

51328.11

51333.75

51339.02

51344.91

51354.38

51353.73

51355.95

51358.89

51361.68

51361.82

51363.22

51366.65

51368.17

51365.36

51374.64

51383.9

51395.95

51399.97

51402.56

51405.66

51407.32

51411.57

51402.31

51389.78

51377.64

51382.05

51374.01

51375.49

51375.08

51375.32

51382.52

51390.86

51402.89

51404.66

51406.6

51404.0

51404.09

51405.11

51406.89

51411.33

51420.28

51424.11

51433.98

51425.65

51414.34

51412.92

51410.31

51411.09

51412.56

51412.07

51420.37

51429.16

51435.94

51458.36

51457.48

51467.76

51465.67

51465.7

51471.18

51475.21

51471.34

51466.47

51457.36

51455.76

51450.1

51449.07

51450.5

51452.14

51450.91

51458.3

51453.54

51465.5

51472.24

51482.59

51481.47

51475.85

51472.25

51468.49

51469.11

51470.35

51467.41

51460.05

51460.23

51459.51

51459.23

51450.25

51471.06

51463.08

51465.51

51469.22

51469.95

51464.36

51474.65

51476.88

51478.79

51473.23

51474.95

51475.83

51478.1

51479.06

51474.66

51476.25

51476.19

51479.65

51475.45

51474.83

51475.14

51475.05

51478.85

51479.04

51479.2

51481.03

51481.05

51490.04

51486.27

51493.5

51495.55

51494.73

51496.86

51511.66

51525.79

51524.03

51525.3

51534.41

51532.93

51536.78

51531.96

51527.36

51538.23

51536.82

51535.85

51570.92

51574.59

51584.54

51591.25

51585.97

51587.76

51581.39

51576.57

51582.46

51575.05

51567.98

51568.88

51557.46

51556.27

51557.72

51559.31

51552.02

51548.39

51554.73

51558.9

51559.17

51563.12

51563.73

51570.15

51573.18

51571.81

51565.23

51558.5

51557.77

51554.62

51562.92

51555.4

51560.42

51565.33

51566.91

51582.81

51586.12

51586.02

51585.77

51586.86

51577.49

51577.4

51584.4

51595.6

51601.27

51598.79

51599.41

51603.67

51610.49

51608.44

51615.42

51616.12

51603.12

51601.75

51598.05

51593.59

51594.95

51593.98

51591.29

51614.54

51618.26

51618.57

51620.16

51617.2

51637.8

51638.93

51639.22

51613.76

51627.14

51628.53

51630.59

51624.89

51631.19

51630.63

51631.93

51632.43

51624.48

51624.02

51615.06

51610.8

51600.76

51588.44

51582.16

51576.57

51570.36

51549.62

51567.28

51573.11

51575.62

51570.79

51565.48

51558.14

51561.51

51564.29

51562.35

51563.56

51566.43

51571.11

51565.24

51563.51

51549.26

51547.06

51539.62

51558.13

51558.69

51555.45

51556.98

51561.27

51553.41

51545.71

51559.95

51557.17

51553.9

51548.79

51551.0

51551.78

51567.54

51571.8

51570.22

51563.06

51562.05

51555.95

51561.79

51563.27

51559.54

51559.61

51559.84

51560.8

51559.01

51552.73

51556.95

51560.64

51567.85

51578.01

51578.79

51585.85

51585.68

51587.69

51587.87

51589.55

51580.87

51577.64

51580.0

51580.61

51584.38

51589.46

51585.85

51585.32

51582.19

51580.92

51579.49

51578.06

51577.41

51577.41

51580.76

51581.09

51580.74

51578.06

51579.38

51586.44

51585.21

51581.64

51562.9

51561.84

51561.01

51561.28

51561.12

51560.43

51559.87

51561.8

51557.53

51565.58

51567.23

51567.68

51569.07

51577.71

51578.06

51584.29

51588.34

51591.78

51589.92

51583.74

51584.06

51584.2

51588.15

51585.01

51574.51

51575.47

51573.99

51574.73

51586.91

51592.35

51590.31

51590.39

51591.39

51592.19

51592.19

51601.12

51607.9

51615.01

51611.86

51613.19

51611.43

51615.94

51628.45

51642.76

51643.62

51649.06

51637.78

51643.81

51642.54

51642.71

51643.97

51641.73

51642.63

51627.19

51633.04

51647.76

51642.44

51643.04

51648.55

51643.11

51644.16

51637.15

51624.86

51621.21

51619.84

51620.91

51616.33

51624.95

51626.17

51626.89

51621.94

51618.01

51619.57

51627.54

51631.12

51637.69

51639.4

51641.29

51638.93

51636.19

51629.74

51632.48

51634.35

51631.83

51629.66

51632.08

51634.52

51624.71

51629.22

51634.05

51634.7

51642.15

51652.53

51653.16

51648.07

51650.96

51658.06

51658.49

51660.05

51662.29

51676.28

51690.46

51684.79

51668.6

51654.12

51642.86

51650.3

51650.25

51649.4

51653.45

51655.66

51657.6

51659.19

51624.6

51625.61

51635.63

51650.58

51641.08

51640.94

51650.3

51651.6

51653.26

51653.75

51656.26

51648.04

51643.84

51642.92

51641.95

51642.36

51651.77

51652.75

51655.44

51656.99

51652.45

51654.5

51658.42

51657.64

51657.54

51657.73

51656.59

51662.62

51659.33

51654.82

51653.63

51641.8

51635.43

51635.74

51631.07

51625.13

51612.03

51610.49

51614.04

51621.27

51626.15

51627.87

51640.02

51640.83

51641.1

51636.98

51640.47

51642.46

51647.02

51650.16

51651.21

51651.38

51652.32

51652.88

51660.42

51664.02

51663.9

51663.77

51663.67

51663.44

51669.6

51670.46

51674.59

51677.06

51674.38

51675.04

51677.92

51679.14

51679.11

51681.31

51676.9

51673.06

51679.08

51682.2

51690.89

51693.81

51693.74

51688.76

51689.8

51685.54

51685.01

51692.72

51696.11

51698.56

51698.56

51699.36

51696.9

51699.14

51698.18

51677.89

51673.32

51665.58

51661.51

51655.94

51652.17

51651.04

51637.27

51629.73

51628.15

51620.87

51619.64

51618.7

51617.74

51616.52

51614.08

51618.1

51641.45

51636.66

51620.91

51617.26

51624.61

51630.03

51623.24

51620.19

51618.95

51608.31

51605.02

51604.79

51602.53

51598.97

51593.55

51601.98

51598.81

51598.21

51597.5

51594.12

51592.7

51593.14

51597.52

51590.04

51590.51

51589.38

51579.09

51587.13

51579.66

51580.44

51578.39

51576.72

51579.36

51579.55

51579.53

51582.2

51582.83

51584.02

51576.73

51575.54

51573.74

51573.08

51573.48

51561.84

51560.28

51568.91

51577.35

51581.32

51594.01

51594.06

51592.11

51594.02

51580.9

51559.39

51552.3

51552.92

51563.82

51570.27

51573.12

51571.87

51571.8

51555.26

51548.2

51536.7

51540.48

51536.48

51527.63

51528.84

51526.94

51520.82

51523.76

51516.37

51517.77

51522.78

51528.89

51516.75

51518.91

51520.68

51520.1

51518.6

51518.3

51520.59

51521.47

51521.09

51524.06

51529.21

51517.02

51517.74

51513.0

51501.33

51501.97

51473.46

51479.99

51458.71

51458.17

51457.7

51461.49

51452.59

51424.29

51424.68

51451.85

51462.37

51463.31

51472.03

51474.79

51476.48

51475.77

51488.73

51488.72

51494.13

51493.56

51491.5

51488.0

51498.43

51500.33

51508.84

51511.17

51501.45

51499.21

51491.33

51491.68

51492.17

51493.74

51496.43

51497.9

51499.83

51504.27

51511.34

51511.06

51522.57

51528.45

51534.69

51538.68

51524.25

51526.73

51543.8

51527.92

51519.47

51509.83

51503.58

51500.76

51499.8

51487.13

51481.31

51475.72

51474.39

51462.17

51476.86

51483.63

51488.37

51498.36

51488.41

51500.9

51498.8

51500.0

51501.96

51511.82

51514.54

51512.77

51515.12

51520.17

51521.79

51521.07

51535.72

51543.58

51543.97

51545.6

51553.89

51558.88

51558.29

51570.35

51571.16

51573.2

51572.68

51575.56

51586.87

51591.04

51599.36

51611.43

51611.52

51615.14

51623.51

51626.52

51641.89

51628.61

51621.21

51621.66

51623.88

51633.01

51639.39

51640.26

51650.09

51650.86

51654.34

51666.88

51667.42

51664.72

51676.87

51683.66

51687.71

51700.81

51717.44

51741.54

51735.92

51720.51

51709.6

51715.1

51714.61

51710.4

51703.4

51699.81

51690.88

51671.42

51667.19

51679.94

51680.62

51680.68

51690.89

51690.98

51693.94

51693.62

51699.67

51673.71

51661.52

51656.93

51661.02

51661.09

51668.6

51670.99

51671.08

51682.35

51681.48

51691.07

51690.62

51695.41

51696.06

51697.66

51699.9

51704.51

51700.66

51693.78

51691.83

51691.12

51705.35

51703.78

51701.91

51707.78

51711.92

51704.14

51705.14

51763.73

51762.29

51769.24

51771.42

51772.34

51792.55

51796.6

51795.65

51791.73

51800.36

51799.56

51801.22

51800.51

51798.61

51794.67

51798.32

51801.43

51805.39

51810.95

51837.35

51886.64

51910.5

51910.84

51932.5

51916.95

51915.53

51891.81

51894.06

51873.31

51866.64

51873.8

51882.12

51891.31

51891.14

51888.94

51885.8

51881.25

51892.0

51870.3

51869.72

51865.0

51870.96

51885.39

51887.71

51889.03

51892.54

51895.23

51909.69

51909.98

51910.41

51895.1

51898.38

51898.59

51896.01

51895.44

51897.74

51897.39

51902.9

51905.97

51913.32

51916.38

51915.72

51913.45

51912.69

51917.15

51920.66

51921.1

51925.44

51932.98

51940.41

51940.59

51943.22

51943.8

51943.86

51946.52

51944.84

51940.17

51948.24

51952.4

51958.39

51968.15

51987.3

51983.97

51974.36

51962.42

51955.96

51945.81

51938.72

51934.99

51925.87

51919.32

51918.6

51917.49

51901.04

51883.74

51871.23

51871.41

51865.58

51857.58

51856.35

51858.98

51860.29

51865.34

51873.55

51878.05

51884.36

51896.48

51893.01

51882.93

51865.06

51868.62

51856.75

51842.01

51839.45

51845.99

51844.12

51847.57

51848.02

51844.8

51848.95

51855.81

51856.57

51867.29

51862.22

51857.92

51850.78

51863.54

51863.06

51865.39

51867.92

51866.09

51868.61

51870.41

51871.7

51882.78

51896.38

51899.39

51911.69

51909.94

51912.87

51907.01

51888.4

51888.51

51891.15

51900.52

51909.17

51910.9

51912.68

51920.33

51911.5

51923.35

51935.35

51923.34

51924.33

51919.34

51917.51

51915.56

51912.71

51905.72

51894.11

51888.13

51887.6

51884.64

51890.45

51900.66

51914.36

51913.05

51913.63

51904.49

51897.85

51908.61

51909.72

51920.71

51923.32

51921.88

51923.41

51928.4

51936.55

51941.06

51946.73

51953.3

51958.51

51959.93

51966.44

51964.89

51961.15

51964.7

51970.35

51982.18

51987.74

51988.2

51982.12

51977.54

51974.22

51975.13

51976.8

51971.77

51975.61

51974.99

51979.68

51974.39

51976.55

51976.76

51971.18

51967.46

51971.38

51974.62

51981.71

51994.09

51995.89

52013.21

52028.68

52030.83

52040.77

52061.27

52037.65

52001.95

52002.91

52004.9

52014.73

52015.15

52039.89

52052.34

52042.37

52032.11

52027.63

52028.76

52000.17

51998.27

51991.83

51990.48

51981.17

51974.31

51982.96

51983.39

51964.66

51959.96

51951.02

51945.95

51934.67

51929.11

51910.56

51910.74

51916.4

51929.36

51908.79

51906.99

51904.79

51901.83

51895.48

51896.96

51899.5

51901.98

51917.03

51910.78

51913.61

51910.84

51915.28

51916.64

51914.04

51916.45

51913.36

51909.77

51888.74

51900.54

51913.02

51913.19

51916.64

51910.22

51894.18

51899.2

51900.28

51894.38

51888.86

51890.94

51883.82

51876.85

51874.73

51870.43

51876.51

51876.32

51870.06

51857.88

51840.4

51838.32

51809.93

51808.04

51825.77

51832.41

51831.68

51849.08

51856.47

51856.56

51864.78

51873.51

51875.45

51864.19

51867.94

51871.52

51873.63

51881.85

51883.4

51874.83

51883.9

51876.23

51876.78

51876.76

51875.1

51874.05

51865.33

51859.07

51842.74

51821.82

51818.02

51816.47

51815.29

51813.71

51813.71

51819.39

51826.52

51835.1

51836.59

51838.09

51839.24

51828.94

51830.12

51829.43

51837.92

51837.01

51836.85

51841.94

51843.54

51837.14

51845.15

51847.97

51850.13

51846.02

51849.14

51846.36

51848.34

51854.56

51864.68

51864.25

51869.3

51867.36

51855.73

51850.53

51846.38

51842.75

51836.4

51834.59

51831.22

51830.93

51831.17

51838.34

51842.72

51843.41

51838.92

51838.83

51838.57

51837.48

51838.74

51838.85

51838.86

51840.22

51840.02

51830.88

51829.71

51817.06

51813.19

51818.6

51820.5

51823.94

51819.92

51813.43

51811.53

51799.59

51800.49

51795.96

51796.02

51808.87

51820.04

51821.04

51821.27

51822.37

51816.96

51819.06

51818.66

51822.75

51823.22

51801.14

51802.82

51798.28

51796.62

51796.58

51797.27

51800.23

51800.28

51795.09

51780.03

51766.63

51752.66

51750.38

51753.65

51762.33

51768.94

51781.2

51788.54

51794.64

51800.24

51787.3

51795.85

51794.36

51832.3

51813.83

51813.74

51812.4

51801.13

51799.89

51798.86

51799.18

51802.82

51803.66

51800.69

51797.09

51799.47

51798.32

51796.77

51793.92

51795.88

51791.05

51785.32

51779.42

51779.6

51782.04

51783.43

51783.05

51783.29

51782.94

51781.94

51786.24

51787.54

51776.4

51769.83

51769.65

51769.23

51764.42

51760.83

51760.02

51769.95

51778.41

51776.65

51778.57

51776.9

51783.27

51782.52

51778.83

51777.48

51775.82

51779.82

51782.73

51784.63

51775.06

51769.78

51758.18

51758.19

51748.79

51742.32

51737.01

51713.46

51725.99

51722.73

51719.76

51718.43

51695.98

51695.37

51697.66

51700.21

51700.28

51686.51

51687.73

51686.6

51692.7

51700.62

51701.58

51702.11

51706.47

51695.88

51696.16

51694.41

51693.11

51698.68

51697.97

51698.35

51713.83

51716.55

51718.29

51724.89

51724.26

51724.13

51727.84

51728.85

51728.78

51733.34

51724.23

51729.87

51721.64

51733.51

51740.77

51752.46

51753.81

51752.62

51762.74

51776.73

51780.13

51773.35

51771.0

51773.34

51772.58

51778.15

51772.0

51771.43

51771.43

51771.44

51771.57

51760.21

51756.37

51755.74

51756.47

51754.93

51756.3

51756.93

51759.6

51760.0

51765.95

51772.13

51772.28

51770.7

51787.94

51790.5

51789.25

51785.29

51788.56

51792.89

51792.22

51791.23

51793.41

51806.61

51809.27

51811.9

51812.34

51812.38

51809.19

51803.21

51789.76

51789.49

51796.94

51811.49

51812.92

51811.66

51814.87

51813.48

51813.4

51814.55

51815.9

51819.8

51816.26

51807.25

51807.2

51803.13

51804.07

51805.45

51805.04

51806.21

51802.16

51799.98

51797.94

51805.46

51809.2

51810.9

51816.5

51818.49

51815.64

51817.13

51818.66

51818.17

51814.64

51817.64

51814.51

51812.82

51812.03

51813.81

51819.4

51816.72

51814.86

51805.09

51799.74

51795.46

51787.79

51785.35

51785.16

51786.35

51786.62

51786.19

51796.01

51793.21

51790.92

51772.9

51772.58

51774.55

51774.5

51772.7

51772.92

51772.98

51772.48

51782.74

51785.28

51786.62

51792.79

51796.86

51798.14

51799.65

51807.06

51811.73

51817.17

51817.33

51819.31

51821.65

51820.46

51820.2

51820.52

51820.68

51820.7

51822.8

51825.68

51828.68

51818.58

51812.09

51808.16

51814.87

51820.0

51820.37

51817.02

51821.97

51822.97

51830.61

51833.25

51841.92

51842.23

51847.35

51857.61

51851.85

51851.43

51864.47

51867.17

51866.65

51871.55

51877.7

51877.91

51879.26

51876.8

51880.33

51880.74

51872.24

51874.16

51882.12

51879.15

51882.89

51884.33

51885.83

51892.01

51900.35

51903.2

51914.63

51915.54

51916.85

51916.86

51918.97

51920.4

51913.79

51900.57

51878.85

51878.92

51879.55

51867.7

51873.83

51874.03

51874.89

51873.06

51875.42

51880.93

51871.45

51874.73

51877.88

51880.66

51880.78

51880.72

51885.91

51886.4

51889.44

51889.32

51891.1

51890.12

51890.28

51893.5

51896.22

51896.92

51896.93

51899.09

51895.22

51887.19

51877.55

51849.03

51852.78

51859.99

51866.16

51873.14

51872.59

51873.57

51873.12

51874.71

51874.12

51873.62

51859.62

51858.06

51863.64

51869.75

51877.61

51894.52

51901.68

51902.9

51899.96

51899.84

51904.19

51903.21

51907.54

51907.62

51923.63

51927.12

51924.51

51922.04

51916.04

51915.01

51903.58

51894.68

51887.42

51883.05

51879.62

51878.62

51885.26

51886.15

51919.55

51959.2

51967.45

51977.69

52034.42

52049.11

52048.05

52055.54

52060.64

52129.1

52241.16

52199.35

52223.76

52291.42

52213.81

52198.06

52154.12

52168.48

52168.82

52211.7

52229.1

52256.73

52249.33

52230.7

52226.8

52212.09

52230.28

52237.2

52245.59

52248.68

52270.96

52269.26

52262.85

52253.06

52271.06

52336.01

52282.17

52252.02

52243.19

52214.62

52219.77

52225.2

52230.26

52254.35

52245.96

52264.37

52257.46

52234.01

52207.45

52205.85

52186.4

52171.22

52183.58

52187.36

52196.05

52173.07

52177.67

52191.13

52206.6

52244.95

52256.38

52254.92

52246.02

52253.94

52261.21

52273.38

52273.94

52303.82

52282.49

52265.44

52255.32

52247.55

52255.34

52287.18

52289.23

52311.22

52310.32

52345.67

52342.08

52342.51

52335.34

52334.89

52321.99

52333.71

52344.38

52340.09

52393.09

52356.86

52350.61

52302.61

52265.36

52256.93

52238.55

52216.85

52177.61

52186.59

52184.22

52182.81

52182.74

52173.13

52165.68

52136.44

52102.71

52125.92

52164.66

52187.87

52184.57

52182.12

52135.19

52123.24

52122.87

52171.28

52187.2

52185.55

52182.04

52174.24

52170.35

52167.82

52167.11

52173.86

52171.34

52177.88

52171.27

52166.77

52168.21

52169.14

52170.44

52174.05

52175.1

52216.47

52224.07

52228.04

52251.9

52256.16

52237.66

52225.96

52248.15

52274.85

52292.59

52295.08

52297.05

52280.65

52254.85

52245.7

52239.67

52251.95

52246.02

52252.55

52253.73

52250.19

52256.34

52229.53

52229.42

52222.59

52221.75

52202.58

52223.73

52240.24

52232.32

52216.27

52215.79

52224.41

52244.71

52265.21

52274.22

52252.94

52258.08

52242.66

52259.56

52267.28

52278.96

52287.66

52280.97

52275.32

52277.69

52277.77

52283.73

52285.39

52286.12

52289.65

52278.39

52280.86

52276.05

52278.79

52270.22

52273.57

52274.26

52280.27

52276.75

52279.03

52275.25

52278.26

52280.93

52271.7

52254.21

52229.62

52210.88

52227.09

52225.28

52236.54

52236.63

52262.51

52284.09

52294.87

52300.64

52332.83

52351.51

52349.91

52354.74

52348.49

52325.13

52332.5

52331.77

52342.46

52350.68

52349.28

52347.52

52347.31

52344.92

52336.9

52344.0

52347.01

52353.09

52351.52

52359.01

52355.51

52354.2

52345.53

52202.76

52206.84

52173.05

52167.37

52159.82

52162.29

52163.24

52132.84

52113.21

52115.6

52118.3

52118.55

52125.81

52127.1

52124.85

52109.09

52113.68

52091.21

52094.49

52075.99

52063.36

52043.83

52034.63

52028.16

52051.83

52051.93

52055.66

52046.2

52064.64

52058.95

52058.19

52052.56

52009.83

52008.31

52010.96

52020.2

52042.63

52048.64

52046.62

52056.4

52064.09

52051.5

52040.91

52052.39

52055.24

52061.9

52081.17

52078.02

52078.36

52086.43

52088.25

52091.47

52106.12

52135.87

52121.54

52119.13

52111.71

52102.97

52104.79

52096.94

52104.14

52105.27

52125.54

52129.86

52131.58

52123.04

52124.96

52134.18

52133.55

52139.59

52126.98

52125.83

52132.96

52134.19

52131.59

52117.37

52124.95

52119.54

52125.85

52125.03

52120.11

52117.66

52111.96

52109.36

52097.49

52086.27

52089.96

52098.35

52124.56

52133.01

52122.5

52119.59

52118.66

52119.63

52129.32

52143.06

52138.94

52141.0

52140.58

52132.7

52124.63

52125.95

52138.46

52140.22

52141.2

52118.43

52118.09

52114.12

52129.34

52136.16

52154.37

52158.97

52183.78

52181.37

52176.38

52171.21

52183.58

52210.48

52220.08

52226.73

52231.96

52243.71

52239.89

52250.83

52250.27

52252.38

52246.31

52242.21

52241.49

52268.91

52266.99

52266.93

52264.97

52257.92

52251.96

52249.74

52245.25

52247.55

52242.89

52260.21

52238.11

52224.12

52209.41

52191.21

52181.77

52158.65

52135.87

52149.81

52185.9

52177.37

52164.13

52155.77

52156.01

52162.66

52162.54

52172.39

52174.89

52161.05

52165.15

52177.85

52189.61

52199.43

52206.99

52187.71

52169.75

52171.15

52158.04

52184.53

52191.02

52219.01

52222.45

52217.43

52212.15

52200.28

52207.45

52204.33

52203.53

52221.46

52219.91

52220.09

52219.3

52215.46

52211.07

52199.2

52196.05

52202.53

52211.72

52196.92

52197.69

52195.59

52193.58

52176.62

52163.79

52165.27

52156.7

52176.64

52212.92

52222.97

52225.34

52229.27

52228.52

52201.07

52198.56

52187.89

52290.91

52340.89

52336.33

52313.53

52322.5

52324.81

52333.78

52348.62

52355.83

52372.14

52325.54

52310.92

52271.66

52243.61

52264.81

52257.07

52257.4

52238.17

52197.94

52176.15

52166.91

52166.28

52170.9

52171.17

52167.37

52169.72

52151.35

52158.81

52163.54

52196.29

52199.49

52198.71

52173.26

52183.92

52197.66

52204.79

52231.64

52249.65

52243.39

52232.65

52195.18

52191.62

52167.87

52179.62

52158.39

52178.19

52175.89

52179.86

52178.7

52177.97

52172.01

52160.24

52177.8

52173.7

52199.13

52205.06

52195.39

52189.36

52200.9

52208.79

52205.08

52217.76

52199.22

52202.7

52203.06

52204.33

52191.65

52193.17

52178.63

52171.64

52171.58

52160.75

52147.38

52115.32

52118.35

52103.97

52111.11

52098.29

52102.03

52099.3

52078.43

52078.29

52077.27

52075.89

52082.66

52089.89

52109.87

52127.08

52120.86

52106.7

52105.0

52093.76

52091.62

52089.96

52093.42

52099.11

52116.73

52110.06

52100.03

52089.36

52077.82

52074.58

52067.14

52066.02

52065.08

52079.53

52082.28

52086.96

52087.44

52097.86

52104.31

52110.79

52107.7

52103.88

52098.89

52096.45

52093.87

52100.19

52087.83

52086.48

52075.96

52068.03

52076.49

52085.22

52085.42

52084.91

52098.21

52099.39

52108.18

52109.19

52098.49

52088.73

52090.83

52086.75

52082.71

52081.32

52073.53

52076.0

52071.01

52071.14

52072.99

52070.42

52069.17

52075.89

52069.05

52068.85

52068.85

52076.98

52077.03

52070.93

52066.26

52068.27

52067.03

52062.68

52059.68

52053.01

52050.9

52059.5

52062.15

52069.47

52090.66

52068.12

52060.32

52058.67

52059.53

52059.15

52060.1

52053.82

52040.35

52041.22

52045.26

52046.3

52014.2

51956.58

51984.47

51979.82

51968.77

51930.81

51920.81

51933.31

51932.15

51958.0

51957.91

51960.66

51962.72

51964.27

51994.23

51999.1

51979.88

51964.95

51973.39

51964.69

51970.11

51979.08

51987.72

51988.65

51984.53

51983.37

51996.86

52009.03

52012.36

52014.97

52016.32

52023.98

52024.75

52025.8

52026.02

52032.28

52030.52

52032.23

52047.55

52047.85

52040.28

52039.52

52029.58

52029.57

52057.95

52066.22

52076.19

52076.61

52076.85

52054.79

52044.28

52042.32

52055.18

52054.81

52064.52

52057.33

52054.4

52062.49

52059.53

52054.91

52061.54

52060.29

52058.66

52059.42

52057.4

52062.66

52078.33

52070.65

52071.53

52071.69

52084.42

52096.04

52097.51

52110.83

52116.79

52118.48

52109.99

52117.25

52129.66

52161.28

52157.06

52166.44

52159.29

52141.35

52133.02

52132.75

52131.03

52132.15

52134.23

52137.09

52137.75

52147.45

52151.03

52152.68

52155.45

52153.06

52153.3

52145.07

52152.78

52125.97

52120.21

52110.48

52109.15

52109.86

52110.02

52104.83

52104.83

52108.8

52107.66

52115.11

52111.83

52122.38

52125.32

52146.33

52147.77

52154.45

52168.35

52161.03

52149.56

52143.45

52121.25

52134.91

52132.65

52145.91

52147.5

52145.68

52154.07

52160.32

52148.83

52151.98

52153.58

52138.98

52137.51

52138.58

52149.04

52152.64

52169.44

52169.66

52172.27

52160.21

52159.91

52161.29

52133.06

52132.49

52129.58

52115.7

52125.8

52135.43

52131.52

52135.48

52139.74

52152.23

52159.75

52148.11

52147.95

52151.03

52149.73

52146.68

52146.9

52143.72

52148.2

52152.57

52146.9

52143.81

52150.04

52150.12

52158.41

52152.91

52144.71

52142.96

52150.73

52132.31

52123.56

52125.8

52126.65

52126.63

52126.51

52128.91

52140.26

52142.02

52145.15

52143.37

52152.11

52154.12

52161.42

52166.52

52169.66

52169.47

52173.61

52172.95

52173.14

52168.81

52170.09

52174.19

52166.92

52171.35

52183.46

52187.04

52201.42

52209.26

52209.45

52208.2

52214.67

52216.05

52210.63

52200.13

52188.94

52189.49

52187.97

52186.85

52187.14

52181.06

52179.91

52186.18

52187.17

52190.01

52189.3

52190.18

52172.46

52170.28

52169.93

52151.91

52143.87

52139.77

52140.73

52150.12

52147.48

52158.41

52159.8

52148.66

52144.67

52144.66

52152.12

52157.99

52150.84

52152.01

52142.76

52138.12

52138.61

52144.95

52150.38

52150.66

52151.06

52155.87

52157.72

52158.37

52158.84

52157.79

52152.79

52153.23

52153.36

52155.76

52155.96

52156.15

52158.0

52169.05

52170.59

52168.45

52168.42

52156.75

52152.61

52151.29

52163.73

52162.68

52153.27

52144.43

52140.2

52139.25

52133.02

52133.96

52132.39

52132.19

52137.62

52129.74

52128.11

52124.84

52122.87

52118.6

52117.5

52116.22

52114.89

52110.45

52109.05

52111.16

52106.65

52108.47

52110.52

52111.16

52111.02

52118.87

52135.72

52144.29

52149.44

52147.35

52154.09

52154.23

52165.06

52158.79

52155.85

52156.15

52146.22

52138.46

52138.42

52137.27

52137.06

52138.99

52133.78

52127.05

52128.26

52116.9

52113.56

52112.39

52118.09

52131.34

52129.48

52126.33

52125.26

52125.55

52099.93

52103.27

52107.54

52088.39

52082.88

52077.2

52077.29

52081.19

52082.39

52083.29

52074.92

52065.17

52061.36

52065.41

52070.94

52060.92

52067.35

52069.73

52063.4

52064.12

52067.3

52060.58

52062.39

52056.48

52049.98

52058.41

52048.63

52059.44

52060.13

52060.25

52062.85

52063.52

52062.31

52059.94

52059.12

52050.85

52046.54

52042.33

52041.0

52036.48

52026.77

52026.16

52022.35

52008.75

52003.98

52004.11

52008.62

52009.47

52006.7

52003.3

52013.1

52015.75

52017.63

52023.15

52023.39

52025.42

52007.18

52010.3

52010.24

52013.07

52000.86

51994.57

51993.39

51996.6

52004.99

52009.59

52008.62

52008.7

52007.53

52008.81

52010.6

52012.33

52011.23

52010.61

52012.03

52011.54

52019.0

52025.44

52032.29

52033.09

52034.85

52025.09

52026.86

52027.79

52026.64

52032.9

52033.08

52037.05

52036.78

52038.04

52043.91

52044.27

52056.63

52056.93

52062.38

52062.81

52063.27

52057.55

52058.46

52064.63

52067.54

52065.43

52070.94

52068.34

52069.58

52074.27

52077.14

52072.97

52072.43

52058.96

52067.54

52070.54

52063.17

52062.22

52063.42

52054.78

52052.74

52046.92

52040.97

52041.97

52040.61

52041.11

52040.54

52038.76

52041.21

52039.31

52041.4

52038.17

52037.86

52033.35

52036.33

52035.78

52030.96

52033.3

52039.6

52038.81

52039.67

52042.23

52042.38

52044.18

52050.16

52048.11

52048.06

52044.19

52041.23

52039.74

52042.45

52037.0

52039.93

52039.89

52035.54

52033.94

52036.66

52036.24

52042.57

52045.73

52049.81

52063.99

52065.71

52067.82

52066.95

52070.28

52071.93

52070.33

52072.81

52073.17

52078.36

52091.87

52138.23

52136.15

52134.29

52121.12

52119.01

52106.76

52103.62

52117.07

52119.01

52123.71

52125.24

52133.18

52130.99

52136.29

52137.03

52143.79

52147.15

52146.61

52168.9

52176.59

52167.18

52164.2

52163.55

52163.0

52162.94

52166.47

52166.63

52176.26

52178.47

52188.93

52187.24

52187.36

52188.91

52194.58

52194.89

52197.12

52198.92

52205.17

52214.2

52205.3

52182.06

52187.89

52187.76

52187.72

52178.94

52170.3

52175.22

52173.56

52162.74

52164.35

52155.71

52141.47

52147.96

52158.9

52170.3

52171.85

52159.18

52161.32

52173.38

52178.01

52181.79

52184.45

52181.2

52183.3

52165.84

52152.75

52149.92

52136.61

52125.27

52138.98

52139.24

52141.23

52138.53

52133.78

52136.09

52136.81

52136.56

52138.42

52150.04

52151.89

52152.01

52154.89

52148.16

52147.27

52134.77

52123.82

52126.3

52119.67

52118.99

52111.28

52106.62

52101.14

52089.01

52092.4

52093.25

52100.14

52100.5

52094.4

52088.25

52087.57

52086.92

52082.11

52087.04

52087.72

52090.35

52089.72

52096.11

52094.38

52092.69

52092.83

52093.25

52093.23

52104.93

52105.18

52107.94

52117.29

52125.18

52112.24

52111.48

52107.78

52107.75

52099.54

52088.53

52087.0

52087.57

52080.4

52074.59

52074.16

52069.15

52069.07

52063.71

52063.38

52054.85

52062.11

52056.89

52047.52

52044.34

52036.11

52034.48

52034.33

52034.79

52034.66

52035.45

52035.09

52035.07

52033.88

52034.77

52039.18

52040.95

52041.8

52042.61

52043.34

52043.38

52043.19

52042.07

52042.19

52042.24

52044.34

52044.52

52045.45

52052.21

52056.43

52061.42

52064.23

52066.84

52071.79

52056.32

52055.42

52056.34

52056.62

52056.24

52051.5

52041.8

52040.4

52041.94

52044.71

52056.75

52055.57

52056.21

52058.7

52056.78

52046.26

52041.39

52044.28

52044.93

52056.66

52052.01

52055.99

52058.25

52058.5

52061.16

52062.84

52061.24

52063.15

52062.96

52062.82

52064.75

52065.22

52065.59

52066.29

52071.11

52072.23

52084.77

52075.8

52064.62

52063.4

52063.45

52072.16

52084.53

52094.14

52117.49

52118.47

52139.78

52115.85

52116.05

52112.55

52088.65

52076.2

52048.92

52043.45

52036.09

52027.47

52026.48

52030.56

52025.95

52024.69

52031.29

52035.2

52034.4

52027.95

52018.33

52019.35

52020.43

52022.96

52017.72

52016.95

52012.09

52011.98

52011.1

52017.92

52026.18

52051.09

52036.47

52034.06

52033.14

52033.08

52026.33

52023.3

52016.01

52014.69

52012.68

52012.9

52017.53

52017.96

52017.89

52011.34

52011.98

52013.3

51997.94

51999.05

52010.99

52021.4

52028.18

52030.49

52030.73

52029.94

52030.84

52039.58

52051.04

52058.17

52057.5

52056.36

52049.22

52053.35

52056.53

52076.85

52083.53

52085.76

52102.1

52118.45

52127.26

52133.06

52140.18

52141.1

52144.22

52149.55

52140.22

52147.33

52126.4

52131.45

52146.15

52151.48

52164.87

52157.79

52156.42

52158.99

52159.32

52159.43

52160.16

52161.31

52166.82

52183.52

52190.45

52200.77

52202.85

52257.44

52254.76

52274.71

52281.27

52256.28

52251.12

52248.55

52260.97

52267.2

52259.96

52277.47

52300.45

52303.57

52308.36

52311.24

52297.69

52290.1

52283.36

52284.17

52294.3

52286.43

52298.77

52295.93

52298.7

52307.56

52311.68

52312.81

52323.19

52336.01

52350.46

52326.3

52336.63

52346.95

52349.0

52356.77

52351.82

52351.64

52416.82

52403.09

52383.57

52381.41

52386.97

52391.01

52411.32

52420.03

52426.16

52413.4

52408.87

52402.75

52389.81

52378.32

52365.37

52370.36

52350.59

52349.86

52356.01

52368.0

52370.1

52372.49

52370.12

52382.78

52394.02

52390.51

52393.69

52409.23

52421.55

52441.49

52417.73

52394.15

52408.99

52413.75

52417.59

52413.74

52415.27

52406.2

52397.04

52409.09

52424.4

52424.6

52431.79

52453.15

52447.31

52463.21

52459.72

52452.36

52454.04

52465.41

52439.34

52399.69

52390.49

52363.6

52354.64

52348.14

52336.94

52298.02

52280.71

52290.44

52298.56

52290.33

52287.71

52308.47

52313.73

52325.96

52314.21

52299.07

52301.69

52313.79

52315.24

52301.78

52303.19

52307.97

52309.1

52310.05

52330.21

52334.44

52327.94

52324.36

52330.45

52342.75

52339.4

52358.91

52388.87

52395.83

52399.17

52412.79

52408.02

52398.07

52405.82

52406.49

52391.09

52401.28

52392.44

52385.37

52372.08

52371.22

52351.12

52369.54

52368.57

52367.35

52364.79

52384.1

52393.58

52411.02

52401.34

52398.22

52400.67

52398.84

52383.52

52386.59

52381.33

52365.78

52372.63

52379.22

52389.17

52377.13

52365.77

52368.93

52371.65

52387.48

52390.66

52393.04

52383.25

52379.61

52371.34

52371.34

52364.83

52358.62

52360.86

52365.02

52369.17

52366.49

52371.83

52373.83

52359.98

52363.19

52366.86

52371.89

52369.41

52372.49

52378.0

52380.52

52387.93

52369.54

52364.03

52368.13

52391.41

52403.11

52408.95

52406.59

52405.44

52347.68

52331.68

52329.09

52385.8

52404.37

52411.33

52388.81

52374.79

52377.95

52378.44

52386.03

52385.49

52383.99

52390.9

52391.07

52392.06

52395.33

52408.1

52405.27

52405.13

52418.41

52418.28

52430.08

52439.44

52434.74

52436.89

52445.41

52445.78

52445.06

52445.36

52445.27

52449.33

52441.37

52447.17

52450.32

52447.51

52449.28

52446.97

52438.51

52463.4

52463.47

52470.82

52470.75

52475.5

52485.08

52444.62

52448.61

52447.02

52434.57

52443.96

52447.48

52461.35

52461.77

52475.41

52475.21

52482.63

52469.99

52468.67

52468.04

52486.18

52485.15

52483.72

52462.78

52453.03

52462.77

52473.18

52472.65

52482.97

52472.88

52462.77

52468.34

52463.85

52450.61

52426.21

52428.62

52417.16

52417.15

52424.68

52419.1

52424.79

52437.13

52434.15

52428.83

52408.47

52396.04

52407.06

52409.4

52403.95

52400.94

52401.84

52394.93

52398.22

52399.62

52398.69

52391.84

52399.34

52390.79

52401.03

52398.79

52387.72

52388.19

52388.27

52384.82

52389.81

52385.6

52378.27

52370.62

52368.42

52369.71

52373.96

52366.13

52368.62

52371.97

52373.26

52372.7

52381.44

52382.95

52382.84

52386.4

52384.88

52392.86

52397.72

52403.4

52404.15

52410.33

52414.51

52417.08

52434.98

52441.31

52448.05

52444.2

52446.3

52444.17

52429.29

52418.9

52417.29

52419.25

52415.85

52416.86

52423.7

52410.01

52412.99

52422.52

52420.79

52414.88

52404.64

52404.1

52409.85

52414.94

52413.83

52408.9

52385.38

52368.43

52368.18

52353.86

52364.77

52352.49

52358.53

52362.2

52374.47

52358.25

52352.22

52342.78

52335.79

52335.08

52322.45

52319.82

52321.52

52297.81

52310.33

52322.51

52326.29

52308.06

52307.21

52308.31

52309.81

52308.81

52322.46

52322.82

52312.2

52311.57

52317.23

52314.55

52313.53

52327.16

52325.99

52322.87

52322.31

52315.02

52313.64

52321.26

52320.74

52317.03

52313.15

52298.43

52289.49

52289.58

52287.09

52281.31

52287.12

52303.55

52301.7

52300.3

52291.26

52293.99

52295.22

52309.28

52311.46

52313.35

52304.12

52311.5

52310.05

52322.63

52325.14

52327.16

52332.22

52333.23

52321.57

52331.71

52320.6

52319.03

52311.51

52315.94

52318.57

52329.98

52335.5

52332.36

52333.08

52328.4

52328.02

52321.7

52319.35

52312.64

52306.44

52306.78

52283.92

52293.49

52284.32

52282.65

52280.9

52274.75

52282.32

52281.25

52278.3

52288.08

52276.93

52263.4

52280.52

52286.93

52290.99

52291.74

52260.18

52255.9

52260.28

52241.8

52239.24

52247.15

52231.53

52242.99

52248.49

52224.07

52213.5

52213.35

52234.33

52229.43

52235.18

52228.19

52230.91

52237.1

52239.94

52231.93

52242.75

52239.47

52242.77

52244.27

52231.47

52235.55

52231.61

52232.96

52235.28

52219.85

52192.19

52187.94

52176.87

52170.99

52170.99

52178.04

52154.29

52146.18

52127.33

52129.6

52138.72

52122.22

52138.39

52134.53

52137.25

52136.23

52136.36

52132.27

52136.4

52138.29

52143.94

52150.57

52151.62

52159.1

52134.73

52127.23

52125.74

52120.17

52107.45

52094.42

52088.17

52104.84

52123.9

52093.56

52092.94

52102.92

52108.09

52107.2

52110.96

52111.21

52111.25

52116.14

52122.56

52136.29

52142.65

52135.1

52149.43

52149.11

52154.22

52161.48

52162.53

52171.04

52173.28

52175.76

52171.1

52169.75

52172.76

52173.05

52171.81

52171.86

52155.54

52149.81

52139.36

52133.85

52133.85

52127.92

52125.78

52120.2

52123.3

52131.78

52158.66

52160.27

52171.19

52180.08

52189.84

52187.39

52188.57

52190.68

52196.07

52194.57

52191.99

52194.54

52196.27

52193.49

52192.08

52193.34

52212.78

52221.67

52237.08

52228.89

52221.99

52223.69

52223.7

52240.85

52245.44

52240.3

52237.02

52235.73

52230.13

52232.44

52232.41

52236.39

52234.34

52245.96

52251.91

52258.11

52259.51

52271.26

52260.72

52258.78

52269.83

52278.91

52277.83

52276.56

52277.44

52269.29

52260.61

52243.38

52243.84

52242.32

52243.27

52335.23

52348.56

52359.21

52343.63

52322.84

52315.1

52317.93

52314.69

52315.88

52323.92

52326.78

52322.48

52295.65

52277.11

52279.38

52266.84

52266.58

52270.64

52271.11

52271.32

52270.78

52269.76

52272.02

52274.89

52283.98

52278.23

52280.3

52277.48

52270.6

52279.22

52298.54

52297.42

52318.01

52320.82

52326.89

52313.53

52315.04

52329.99

52323.37

52327.31

52317.63

52317.74

52313.95

52312.34

52318.53

52318.24

52320.98

52359.52

52358.6

52358.58

52358.33

52358.68

52358.31

52348.51

52348.5

52349.78

52339.85

52334.59

52333.26

52333.65

52328.08

52326.92

52330.39

52345.01

52349.72

52346.82

52343.38

52336.48

52335.95

52338.0

52332.47

52337.19

52348.61

52348.05

52348.91

52344.05

52343.15

52332.87

52333.32

52326.9

52300.86

52290.55

52288.31

52278.94

52287.09

52286.03

52289.43

52286.63

52283.82

52283.35

52274.71

52271.57

52265.64

52275.19

52268.54

52268.06

52267.66

52267.13

52280.66

52268.12

52259.37

52258.32

52258.58

52254.51

52254.06

52253.94

52252.2

52246.7

52245.17

52245.3

52252.32

52253.14

52254.58

52269.31

52290.68

52308.67

52307.03

52303.03

52309.7

52305.87

52312.23

52324.34

52326.38

52335.75

52336.02

52335.59

52337.88

52329.55

52316.83

52316.94

52313.13

52316.44

52328.57

52336.23

52328.19

52335.03

52338.8

52327.51

52335.13

52335.69

52329.19

52326.77

52330.94

52331.68

52337.26

52337.91

52338.28

52339.07

52339.75

52340.07

52337.95

52341.97

52342.85

52345.63

52348.32

52351.78

52359.14

52367.87

52361.89

52373.5

52391.55

52310.32

52284.84

52274.7

52272.51

52293.26

52285.04

52274.64

52272.54

52251.61

52235.53

52197.05

52214.86

52202.08

52181.36

52203.99

52222.74

52229.89

52230.97

52241.07

52234.93

52219.25

52219.01

52215.94

52236.4

52237.39

52253.05

52252.84

52253.05

52259.25

52287.13

52290.95

52297.27

52312.64

52323.41

52309.77

52321.49

52319.14

52308.17

52307.74

52300.1

52300.78

52335.44

52333.47

52343.3

52357.29

52372.29

52371.23

52395.94

52400.84

52399.96

52400.1

52385.04

52390.15

52424.61

52427.47

52421.32

52422.06

52415.0

52409.45

52403.82

52400.33

52412.53

52433.61

52443.51

52437.25

52421.58

52426.97

52430.29

52411.64

52415.82

52415.79

52415.14

52411.99

52401.02

52417.6

52418.74

52410.8

52411.05

52409.7

52413.33

52411.27

52413.99

52414.19

52425.47

52387.35

52385.87

52400.68

52400.94

52395.06

52394.06

52391.59

52391.05

52383.37

52384.62

52382.87

52382.07

52373.4

52377.73

52378.21

52377.53

52378.5

52379.04

52371.26

52364.15

52365.03

52372.27

52369.0

52371.52

52371.81

52368.65

52362.32

52365.03

52370.87

52378.43

52383.87

52380.93

52385.34

52399.62

52395.54

52400.49

52401.47

52400.18

52388.94

52389.53

52388.32

52387.36

52379.85

52373.49

52372.99

52372.4

52371.91

52378.36

52388.77

52365.31

52365.94

52352.97

52351.72

52351.36

52354.65

52347.92

52350.41

52348.88

52347.46

52346.09

52349.42

52349.43

52348.9

52347.61

52344.55

52343.27

52339.2

52339.0

52335.53

52322.05

52322.33

52332.46

52315.99

52304.51

52308.45

52307.54

52308.2

52312.57

52312.13

52313.99

52317.73

52312.49

52298.27

52297.63

52295.03

52295.41

52295.26

52301.21

52306.04

52308.08

52312.05

52322.06

52335.97

52353.59

52353.31

52363.27

52370.85

52374.1

52376.09

52375.59

52365.29

52365.03

52375.61

52379.89

52382.01

52393.42

52409.77

52411.29

52411.25

52408.38

52399.86

52399.0

52389.4

52388.98

52383.74

52381.91

52376.85

52363.6

52357.05

52354.02

52343.74

52361.09

52359.98

52353.06

52358.76

52371.25

52371.14

52368.2

52363.87

52345.59

52329.84

52347.73

52341.05

52343.12

52348.0

52355.72

52365.93

52368.03

52363.22

52356.92

52356.26

52357.72

52362.45

52369.45

52361.9

52361.17

52355.19

52354.28

52338.74

52334.16

52327.0

52324.52

52326.57

52331.66

52335.93

52346.54

52354.18

52356.4

52355.51

52339.32

52345.32

52342.36

52339.72

52344.5

52344.15

52403.42

52409.41

52401.14

52418.99

52402.58

52405.78

52395.04

52388.68

52373.64

52370.58

52386.8

52385.58

52384.21

52383.33

52401.46

52405.92

52408.02

52402.12

52398.49

52400.41

52388.74

52388.96

52392.99

52389.44

52380.32

52369.56

52366.68

52364.84

52356.84

52355.01

52350.76

52358.93

52353.9

52355.06

52358.36

52346.04

52345.98

52347.77

52347.74

52334.81

52327.66

52322.63

52315.38

52302.06

52289.62

52294.32

52290.23

52294.44

52275.86

52266.88

52272.97

52278.48

52254.06

52250.61

52245.74

52249.28

52262.39

52264.93

52268.73

52281.34

52281.11

52290.53

52289.41

52288.2

52289.4

52283.64

52296.78

52282.44

52288.35

52286.62

52310.2

52305.19

52317.72

52319.87

52320.33

52327.54

52324.13

52329.6

52319.81

52311.46

52310.74

52311.13

52319.43

52322.7

52329.17

52327.26

52337.43

52335.42

52334.99

52331.53

52341.17

52341.72

52344.61

52340.33

52324.87

52323.23

52328.82

52336.31

52337.76

52360.13

52365.91

52377.33

52373.18

52372.45

52386.49

52330.81

52311.24

52344.44

52348.14

52355.92

52356.54

52309.52

52336.06

52334.05

52324.64

52303.91

52322.74

52329.67

52323.36

52339.01

52341.39

52342.21

52343.82

52342.49

52352.09

52358.04

52359.25

52356.0

52358.79

52366.78

52364.79

52361.52

52355.31

52354.91

52354.18

52346.9

52366.98

52369.25

52376.61

52370.56

52365.66

52359.47

52344.87

52341.99

52348.87

52346.5

52354.99

52379.96

52382.4

52383.5

52378.08

52378.65

52363.34

52362.61

52363.13

52363.21

52371.72

52365.82

52363.62

52358.94

52359.8

52360.73

52356.73

52359.84

52366.72

52366.58

52383.94

52384.8

52385.62

52386.26

52370.09

52373.32

52370.17

52372.41

52382.84

52384.62

52387.54

52388.8

52391.04

52396.4

52388.76

52385.5

52388.67

52389.54

52400.71

52401.91

52402.13

52402.92

52418.21

52421.25

52425.76

52431.04

52426.78

52430.78

52431.9

52453.23

52451.08

52448.46

52430.01

52414.68

52404.08

52410.01

52399.2

52352.84

52342.47

52301.68

52287.54

52312.21

52318.63

52308.86

52295.8

52282.22

52274.79

52286.04

52282.51

52281.7

52271.14

52255.85

52271.34

52279.96

52283.09

52270.19

52289.15

52298.16

52302.4

52304.11

52303.94

52315.95

52309.66

52306.07

52293.46

52289.41

52354.98

52348.37

52347.03

52339.85

52328.61

52330.52

52333.57

52331.78

52323.3

52338.62

52338.19

52352.3

52356.98

52353.85

52356.33

52364.9

52373.09

52341.9

52338.25

52356.42

52356.13

52359.06

52354.06

52361.61

52364.69

52376.7

52369.98

52364.73

52371.51

52360.57

52359.14

52361.63

52365.32

52374.53

52378.52

52370.71

52361.86

52333.04

52333.4

52322.29

52315.46

52312.48

52313.35

52299.34

52280.18

52281.02

52288.59

52283.18

52282.29

52276.78

52279.41

52271.9

52268.57

52263.81

52274.41

52280.1

52279.09

52262.95

52255.92

52246.08

52241.14

52242.61

52265.69

52270.77

52271.93

52260.28

52266.73

52275.55

52278.16

52274.38

52263.27

52246.81

52237.06

52237.61

52231.9

52253.95

52245.92

52227.09

52212.88

52216.53

52221.96

52217.32

52232.71

52241.76

52221.57

52211.22

52209.76

52211.35

52221.2

52205.75

52219.23

52217.22

52212.67

52205.08

52190.82

52187.11

52169.08

52178.17

52181.62

52170.75

52195.22

52197.83

52204.1

52209.69

52197.75

52189.69

52194.48

52201.99

52206.78

52205.68

52207.73

52194.47

52182.19

52183.94

52181.41

52182.82

52183.3

52206.03

52174.65

52170.05

52184.74

52182.23

52171.48

52167.19

52145.17

52139.8

52141.11

52136.84

52137.65

52174.35

52169.25

52210.71

52216.28

52220.6

52213.6

52187.1

52190.43

52187.68

52195.39

52195.66

52194.34

52194.91

52183.73

52178.34

52189.17

52193.2

52195.26

52196.01

52175.83

52177.99

52167.81

52178.53

52174.41

52161.19

52158.98

52165.1

52165.79

52167.81

52172.37

52173.37

52169.58

52160.13

52149.14

52149.37

52144.71

52140.34

52137.38

52104.66

52104.31

52096.3

52099.72

52102.58

52099.99

52061.9

52054.79

52050.04

52072.51

52061.74

52060.49

52065.51

52073.73

52116.15

52131.23

52110.34

52110.31

52119.17

52109.33

52141.75

52151.01

52144.45

52178.01

52182.52

52175.69

52167.79

52168.84

52178.5

52176.07

52174.84

52192.5

52193.56

52194.8

52179.19

52167.94

52169.27

52156.06

52140.81

52140.46

52140.2

52138.04

52121.95

52107.38

52107.81

52092.4

52101.53

52088.43

52091.97

52112.53

52095.47

52122.79

52127.26

52122.31

52124.21

52126.84

52120.33

52119.56

52126.42

52117.91

52130.74

52121.55

52121.63

52112.96

52074.24

52070.72

52047.41

52065.56

52083.4

52101.16

52110.1

52105.98

52102.48

52089.74

52085.8

52089.14

52083.78

52082.74

52075.16

52079.8

52097.4

52086.51

52089.64

52094.65

52112.01

52112.57

52135.61

52136.6

52139.95

52130.09

52126.14

52129.42

52148.52

52147.27

52148.46

52155.08

52157.46

52159.1

52179.78

52184.03

52168.62

52172.59

52181.8

52181.1

52181.74

52187.97

52191.1

52186.83

52180.46

52179.12

52174.53

52158.07

52157.23

52145.66

52127.4

52112.96

52110.83

52092.85

52095.52

52087.25

52083.5

52085.45

52065.71

52065.32

52061.84

52053.11

52068.65

52079.55

52093.97

52129.31

52133.66

52131.84

52126.04

52121.19

52120.22

52109.69

52106.09

52102.26

52102.88

52109.66

52117.34

52139.68

52142.53

52156.21

52156.63

52158.82

52150.02

52160.67

52159.1

52139.2

52155.5

52144.17

52145.59

52136.94

52135.87

52135.03

52131.36

52121.98

52117.62

52107.75

52104.75

52104.16

52107.42

52101.55

52109.51

52109.24

52090.91

52082.21

52092.25

52105.09

52111.5

52112.66

52111.02

52114.59

52116.27

52109.35

52100.84

52108.4

52108.5

52131.21

52154.92

52156.84

52146.66

52143.1

52145.95

52162.85

52166.48

52160.68

52152.35

52150.65

52151.7

52151.1

52149.64

52149.76

52164.46

52171.45

52166.59

52160.45

52166.81

52166.73

52171.25

52154.09

52153.94

52149.95

52150.3

52148.99

52146.69

52142.84

52141.17

52145.54

52146.11

52147.09

52155.66

52171.71

52173.51

52184.05

52187.08

52194.47

52200.79

52200.39

52253.1

52269.45

52284.0

52277.62

52277.13

52275.72

52272.65

52269.75

52267.68

52267.98

52264.83

52303.63

52309.35

52318.62

52317.58

52309.42

52307.41

52314.01

52331.51

52335.24

52331.88

52331.28

52326.75

52295.59

52293.0

52294.66

52296.14

52289.98

52282.41

52290.26

52279.23

52275.76

52245.05

52247.57

52238.68

52244.53

52244.27

52254.4

52238.11

52225.52

52221.22

52229.19

52230.21

52233.62

52229.17

52217.49

52202.14

52197.52

52186.53

52189.92

52198.34

52199.07

52198.85

52199.42

52197.6

52196.28

52181.64

52178.0

52172.14

52185.48

52191.07

52206.8

52205.36

52193.77

52183.25

52175.08

52162.47

52153.97

52147.78

52129.22

52135.28

52143.73

52132.74

52135.22

52132.36

52131.51

52143.4

52118.73

52085.29

52060.41

52050.38

52062.97

52064.03

52058.04

52070.83

52089.33

52084.57

52100.7

52093.48

52091.21

52099.12

52092.81

52100.96

52090.5

52094.52

52076.98

52076.56

52079.37

52085.71

52093.01

52099.06

52102.06

52097.64

52090.71

52081.64

52090.92

52112.88

52109.48

52115.96

52120.55

52115.41

52119.4

52117.72

52126.54

52130.79

52131.38

52127.0

52128.17

52122.78

52127.57

52127.75

52129.65

52125.29

52122.66

52119.12

52113.8

52108.59

52111.59

52153.23

52163.25

52152.12

52154.31

52157.36

52157.93

52160.57

52166.56

52163.72

52136.0

52130.53

52139.55

52134.31

52134.12

52141.39

52122.32

52109.38

52108.66

52107.19

52101.75

52099.93

52116.26

52117.87

52105.55

52094.14

52073.3

52084.02

52084.37

52080.89

52092.52

52090.47

52089.91

52091.72

52094.33

52084.82

52087.17

52080.17

52067.55

52061.4

52062.71

52073.43

52092.66

52092.23

52089.8

52106.79

52079.39

52090.71

52082.96

52102.37

52110.62

52108.71

52094.57

52092.0

52100.24

52096.0

52104.87

52109.81

52117.43

52119.38

52104.67

52114.04

52112.12

52131.74

52122.21

52117.7

52112.51

52114.34

52101.19

52100.21

52090.48

52093.08

52089.0

52085.25

52082.01

52087.65

52085.23

52086.37

52104.14

52104.15

52094.79

52092.02

52089.94

52088.39

52085.36

52081.76

52081.26

52075.62

52072.76

52074.39

52073.81

52068.63

52069.75

52078.2

52091.14

52088.06

52076.96

52074.68

52100.63

52102.44

52114.15

52116.93

52128.27

52123.72

52110.63

52119.31

52133.79

52133.05

52139.6

52157.75

52165.13

52185.95

52188.34

52188.96

52218.53

52217.22

52224.39

52216.27

52219.8

52214.17

52215.34

52205.02

52211.14

52204.28

52198.86

52208.73

52215.68

52219.65

52202.19

52184.11

52170.93

52151.31

52134.13

52113.93

52080.32

52082.57

52075.78

52077.78

52071.22

52053.77

52040.97

52029.16

52020.9

51946.01

51951.0

51941.76

51948.18

51949.79

51935.3

51832.62

51869.6

51880.34

51868.45

51892.67

51916.61

51924.97

51922.9

51897.3

51870.02

51842.11

51742.38

51734.66

51763.59

51802.78

51807.05

51779.12

51765.56

51761.12

51738.06

51740.1

51721.92

51713.25

51778.84

51761.82

51753.31

51803.75

51817.13

51833.14

51832.94

51829.56

51838.23

51891.27

51896.35

51914.69

51915.64

51866.05

51844.62

51847.92

51857.03

51856.83

51875.46

51902.74

51899.76

51908.87

51901.8

51885.67

51875.72

51899.26

51910.9

51904.0

51898.39

51905.56

51879.33

51892.24

51878.35

51860.69

51856.58

51839.9

51846.49

51879.8

51885.6

51896.39

51909.65

51914.43

51937.73

51887.0

51896.77

51887.23

51910.08

51919.09

51919.58

51934.18

51919.19

51914.65

51909.65

51914.7

51927.54

51908.48

51916.03

51935.09

51952.99

51943.55

51936.0

51927.83

51921.99

51920.98

51907.83

51916.33

51922.28

51930.21

51940.42

51953.95

51949.81

51941.62

51950.69

51961.81

51964.65

51983.57

52056.58

52052.07

52034.55

52058.61

52067.43

52076.59

52103.31

52150.42

52135.74

52073.89

52072.6

52056.93

52041.81

52035.27

52052.31

52038.41

52058.85

52076.61

52075.21

52062.41

52057.91

52072.9

52086.16

52084.39

52084.66

52083.49

52055.42

52055.87

52058.18

52039.63

52059.54

52056.0

52047.64

52051.03

52064.0

52060.15

52076.95

52084.37

52086.54

52089.54

52118.09

52118.01

52121.31

52120.83

52115.77

52132.25

52132.92

52145.99

52157.77

52148.21

52139.41

52142.61

52127.16

52152.25

52173.47

52175.28

52181.59

52204.43

52188.04

52190.4

52169.77

52154.5

52147.54

52112.31

52120.19

52125.78

52110.8

52107.8

52119.66

52131.44

52144.15

52127.55

52123.8

52125.18

52118.23

52105.78

52096.97

52088.57

52081.06

52090.53

52092.41

52082.35

52114.49

52112.68

52117.33

52089.45

52108.63

52100.81

52118.93

52111.0

52104.2

52121.93

52131.77

52145.64

52158.42

52147.66

52142.46

52136.34

52112.46

52131.62

52145.17

52159.97

52151.45

52129.2

52156.39

52159.92

52133.02

52137.06

52131.47

52111.92

52111.35

52106.67

52113.77

52125.41

52127.71

52126.07

52117.44

52118.26

52114.29

52134.7

52129.71

52128.0

52121.53

52124.37

52138.53

52096.74

52098.27

52099.44

52087.25

52090.93

52094.0

52093.01