0.04951
0.04951
0.04951
0.08584
0.08584
0.0808
0.0808
0.07474
0.07474
0.07921
0.07921
0.0505
0.0505
0.06262
0.06262
0.05454
0.05454
0.0505
0.0505
0.056
0.056
0.06
0.06
0.0589
0.0589
0.0699
0.0699
0.0627
0.0627
0.06785
0.06785
0.0611
0.0611
0.06
0.06
0.06
0.06
0.057
0.057
0.061
0.061
0.0623
0.0623
0.059
0.059
0.0609
0.0609
0.071
0.071
0.07
0.07
0.067
0.067
0.07
0.07
0.0645
0.0645
0.067
0.067
0.06529
0.06529
0.0655
0.0655
0.07
0.07
0.068
0.068
0.0667
0.0667
0.0655
0.0655
0.0664
0.0664
0.066
0.066
0.06491
0.06491
0.065
0.065
0.0648
0.0648
0.064
0.064
0.065
0.065
0.0641
0.0641
0.064
0.064
0.06497
0.06497
0.06
0.06
0.0629
0.0629
0.0634
0.0634
0.06085
0.06085
0.06238
0.06238
0.0616
0.0616
0.0616
0.0616
0.061
0.061
0.062
0.062
0.06111
0.06111
0.0618
0.0618
0.06366
0.06366
0.0615
0.0615
0.06219
0.06219
0.06199
0.06199
0.0604
0.0604
0.0619
0.0619
0.059
0.059
0.061
0.061
0.0627
0.0627
0.0621
0.0621
0.06265
0.06265
0.0622
0.0622
0.06231
0.06231
0.0622
0.0622
0.06202
0.06202
0.062
0.062
0.0622
0.0622
0.0619
0.0619
0.06191
0.06191
0.0619
0.0619
0.06197
0.06197
0.0614
0.0614
0.06111
0.06111
0.0613
0.0613
0.0614
0.0614
0.06281
0.06281
0.067
0.067
0.08685
0.08685
0.0938
0.0938
0.0965
0.0965
0.095
0.095
0.0949
0.0949
0.105
0.105
0.102
0.102
0.105
0.105
0.101
0.101
0.102
0.102
0.1024
0.1024
0.097
0.097
0.099
0.099
0.107
0.107
0.1025
0.1025
0.1055
0.1055
0.115
0.115
0.132
0.132
0.1503
0.1503
0.1877
0.1877
0.1731
0.1731
0.19
0.19
0.1989
0.1989
0.1925
0.1925
0.1955
0.1955
0.1938
0.1938
0.1931
0.1931
0.23
0.23
0.26
0.26
0.39
0.39
0.34
0.34
0.243
0.243
0.21
0.21
0.24
0.24
0.2231
0.2231
0.2682
0.2682
0.276
0.276
0.279
0.279
0.2682
0.2682
0.223
0.223
0.2299
0.2299
0.2678
0.2678
0.28
0.28
0.283
0.283
0.2767
0.2767
0.2879
0.2879
0.2829
0.2829
0.283
0.283
0.28
0.28
0.2844
0.2844
0.283
0.283
0.27
0.27
0.2299
0.2299
0.2082
0.2082
0.2275
0.2275
0.255
0.255
0.251
0.251
0.205
0.205
0.19
0.19
0.204
0.204
0.233
0.233
0.2388
0.2388
0.2
0.2
0.204
0.204
0.228
0.228
0.22
0.22
0.2299
0.2299
0.2467
0.2467
0.238
0.238
0.25
0.25
0.24
0.24
0.241
0.241
0.2401
0.2401
0.267
0.267
0.24
0.24
0.25
0.25
0.25
0.25
0.248
0.248
0.2499
0.2499
0.265
0.265
0.265
0.265
0.281
0.281
0.3
0.3
0.3
0.3
0.3
0.3
0.3
0.3
0.3
0.3
0.295
0.295
0.2989
0.2989
0.299
0.299
0.298
0.298
0.32
0.32
0.3229
0.3229
0.323
0.323
0.3266
0.3266
0.3266
0.3266
0.3188
0.3188
0.3176
0.3176
0.4
0.4
0.386
0.386
0.3868
0.3868
0.3495
0.3495
0.313
0.313
0.313
0.313
0.39
0.39
0.4199
0.4199
0.4443
0.4443
0.4424
0.4424
0.4199
0.4199
0.41
0.41
0.417
0.417
0.4212
0.4212
0.446
0.446
0.439
0.439
0.4799
0.4799
0.52
0.52
0.7
0.7
0.716
0.716
0.69
0.69
0.811
0.811
0.92
0.92
0.8997
0.8997
0.89
0.89
0.918
0.918
1.09
1.09
0.9803
0.9803
1.07
1.07
1.08
1.08
1.05
1.05
1.07
1.07
1.05
1.05
1.05
1.05
1.04
1.04
0.8989
0.8989
0.949
0.949
0.85
0.85
0.8345
0.8345
0.8702
0.8702
0.9
0.9
0.9974
0.9974
0.9111
0.9111
0.958
0.958
0.89
0.89
0.86
0.86
0.9202
0.9202
0.9399
0.9399
0.9391
0.9391
0.901
0.901
0.9103
0.9103
0.8999
0.8999
0.885
0.885
0.87
0.87
0.8645
0.8645
0.9329
0.9329
0.88
0.88
0.918
0.918
0.8925
0.8925
0.8949
0.8949
0.87
0.87
0.86
0.86
0.8254
0.8254
0.8165
0.8165
0.765
0.765
0.7411
0.7411
0.759
0.759
0.809
0.809
0.8497
0.8497
0.8669
0.8669
0.8838
0.8838
0.8552
0.8552
0.82
0.82
0.799
0.799
0.7925
0.7925
0.7897
0.7897
0.7846
0.7846
0.7741
0.7741
0.782
0.782
0.779
0.779
0.68
0.68
0.71
0.71
0.74
0.74
0.7538
0.7538
0.75
0.75
0.73
0.73
0.7369
0.7369
0.77
0.77
0.86
0.86
0.9225
0.9225
1.0
1.0
0.9899
0.9899
1.05
1.05
1.11
1.11
1.16
1.16
1.2
1.2
1.14
1.14
1.21
1.21
1.41
1.41
1.7
1.7
1.63
1.63
1.56
1.56
1.79
1.79
1.9
1.9
2.21
2.21
2.88
2.88
3.5
3.5
3.03
3.03
3.2
3.2
3.41
3.41
3.41
3.41
3.33
3.33
3.45
3.45
3.64
3.64
3.87
3.87
3.8
3.8
5.81
5.81
5.5
5.5
6.3
6.3
8.2
8.2
7.2
7.2
6.99
6.99
8.03
8.03
7.19
7.19
6.88
6.88
6.81
6.81
5.59
5.59
6.12
6.12
6.69
6.69
7.15
7.15
7.42
7.42
8.4
8.4
8.8
8.8
8.5
8.5
8.3
8.3
8.43
8.43
8.8
8.8
8.74
8.74
9.57
9.57
10.6
10.6
14.29
14.29
18.89
18.89
16.7
16.7
18.55
18.55
23.92
23.92
29.6
29.6
28.92
28.92
23.95
23.95
14.65
14.65
18.55
18.55
19.84
19.84
19.28
19.28
19.49
19.49
17.0
17.0
15.68
15.68
16.89
16.89
17.51
17.51
16.45
16.45
16.75
16.75
16.95
16.95
16.85
16.85
16.1
16.1
15.4
15.4
15.4
15.4
15.44
15.44
13.86
13.86
12.91
12.91
14.78
14.78
14.78
14.78
14.31
14.31
14.38
14.38
14.9
14.9
14.21
14.21
14.01
14.01
13.95
13.95
13.99
13.99
13.81
13.81
13.72
13.72
13.16
13.16
13.48
13.48
13.85
13.85
13.69
13.69
13.61
13.61
13.7
13.7
13.68
13.68
13.98
13.98
14.05
14.05
13.88
13.88
13.94
13.94
13.49
13.49
13.5
13.5
13.53
13.53
13.35
13.35
13.09
13.09
12.05
12.05
9.26
9.26
10.75
10.75
9.8
9.8
6.55
6.55
7.9
7.9
7.8
7.8
9.99
9.99
9.98
9.98
9.46
9.46
9.46
9.46
10.13
10.13
10.8
10.8
11.15
11.15
10.96
10.96
10.95
10.95
10.83
10.83
11.65
11.65
11.45
11.45
11.31
11.31
10.9
10.9
10.94
10.94
10.85
10.85
9.66
9.66
8.18
8.18
8.59
8.59
9.07
9.07
8.97
8.97
8.79
8.79
8.2
8.2
8.21
8.21
8.64
8.64
8.48
8.48
8.18
8.18
7.61
7.61
6.86
6.86
7.19
7.19
6.53
6.53
5.03
5.03
4.77
4.77
5.86
5.86
6.08
6.08
5.8
5.8
5.62
5.62
4.84
4.84
4.82
4.82
4.77
4.77
5.2
5.2
5.46
5.46
6.11
6.11
5.61
5.61
5.43
5.43
5.55
5.55
5.47
5.47
5.33
5.33
4.87
4.87
4.92
4.92
4.77
4.77
4.78
4.78
5.14
5.14
5.03
5.03
5.03
5.03
5.02
5.02
4.96
4.96
4.87
4.87
4.73
4.73
4.27
4.27
4.01
4.01
4.1
4.1
4.1
4.1
3.93
3.93
4.15
4.15
4.05
4.05
3.99
3.99
3.84
3.84
3.56
3.56
2.56
2.56
2.42
2.42
2.27
2.27
2.35
2.35
2.57
2.57
3.16
3.16
3.17
3.17
2.55
2.55
2.77
2.77
2.77
2.77
3.04
3.04
3.19
3.19
3.58
3.58
3.27
3.27
3.25
3.25
3.15
3.15
3.25
3.25
3.15
3.15
3.11
3.11
2.97
2.97
2.96
2.96
3.01
3.01
3.04
3.04
2.95
2.95
2.84
2.84
3.08
3.08
3.03
3.03
3.0
3.0
2.22
2.22
2.33
2.33
2.56
2.56
2.25
2.25
2.05
2.05
2.2
2.2
2.2
2.2
2.29
2.29
2.33
2.33
2.33
2.33
2.43
2.43
2.51
2.51
2.47
2.47
2.48
2.48
2.55
2.55
2.75
2.75
2.97
2.97
3.06
3.06
3.12
3.12
2.79
2.79
2.83
2.83
2.88
2.88
3.03
3.03
2.99
2.99
2.98
2.98
2.97
2.97
3.05
3.05
3.25
3.25
3.14
3.14
3.25
3.25
3.15
3.15
3.2
3.2
3.2
3.2
3.2
3.2
3.19
3.19
3.52
3.52
3.95
3.95
3.89
3.89
3.89
3.89
3.95
3.95
3.94
3.94
4.22
4.22
4.02
4.02
4.07
4.07
4.19
4.19
4.17
4.17
4.25
4.25
4.72
4.72
5.27
5.27
5.22
5.22
4.88
4.88
5.57
5.57
6.95
6.95
6.7
6.7
6.81
6.81
7.11
7.11
6.33
6.33
6.36
6.36
6.9
6.9
6.8
6.8
6.41
6.41
6.75
6.75
7.0
7.0
6.68
6.68
5.6
5.6
5.92
5.92
6.36
6.36
6.49
6.49
6.18
6.18
6.31
6.31
6.36
6.36
6.29
6.29
5.75
5.75
5.34
5.34
5.29
5.29
5.63
5.63
5.38
5.38
5.49
5.49
5.48
5.48
6.08
6.08
6.1
6.1
5.96
5.96
5.87
5.87
5.69
5.69
5.45
5.45
5.69
5.69
5.6
5.6
5.83
5.83
5.91
5.91
5.6
5.6
5.51
5.51
5.26
5.26
4.46
4.46
4.33
4.33
4.27
4.27
4.41
4.41
4.22
4.22
4.39
4.39
4.36
4.36
4.27
4.27
4.42
4.42
5.01
5.01
5.03
5.03
4.77
4.77
4.92
4.92
4.96
4.96
4.87
4.87
4.86
4.86
4.92
4.92
4.7
4.7
4.61
4.61
4.82
4.82
4.98
4.98
4.99
4.99
4.94
4.94
4.93
4.93
4.86
4.86
4.83
4.83
4.91
4.91
4.89
4.89
5.27
5.27
5.38
5.38
5.33
5.33
5.34
5.34
5.22
5.22
5.28
5.28
4.69
4.69
4.84
4.84
4.81
4.81
4.7
4.7
4.69
4.69
4.68
4.68
4.55
4.55
4.62
4.62
4.81
4.81
4.79
4.79
4.81
4.81
4.86
4.86
4.91
4.91
4.83
4.83
4.97
4.97
4.95
4.95
4.91
4.91
4.92
4.92
4.95
4.95
4.69
4.69
4.79
4.79
4.87
4.87
4.84
4.84
4.93
4.93
4.92
4.92
4.94
4.94
4.96
4.96
4.97
4.97
4.93
4.93
4.98
4.98
5.12
5.12
5.14
5.14
5.35
5.35
5.26
5.26
5.2
5.2
4.96
4.96
5.1
5.1
5.13
5.13
5.1
5.1
5.11
5.11
4.98
4.98
4.9
4.9
4.95
4.95
5.0
5.0
5.07
5.07
5.13
5.13
5.07
5.07
5.08
5.08
5.05
5.05
5.06
5.06
5.05
5.05
5.04
5.04
4.85
4.85
4.96
4.96
4.95
4.95
4.93
4.93
5.01
5.01
5.04
5.04
5.09
5.09
5.1
5.1
5.12
5.12
5.1
5.1
5.09
5.09
5.1
5.1
5.1
5.1
5.14
5.14
5.12
5.12
5.15
5.15
5.1
5.1
5.14
5.14
5.14
5.14
5.15
5.15
5.14
5.14
5.18
5.18
5.27
5.27
5.25
5.25
5.21
5.21
5.27
5.27
5.44
5.44
5.46
5.46
5.59
5.59
5.63
5.63
5.56
5.56
5.47
5.47
5.57
5.57
5.7
5.7
5.93
5.93
5.95
5.95
6.5
6.5
6.4
6.4
6.16
6.16
6.31
6.31
6.5
6.5
6.67
6.67
6.68
6.68
6.55
6.55
6.43
6.43
6.35
6.35
6.3
6.3
6.42
6.42
6.65
6.65
6.61
6.61
6.65
6.65
6.69
6.69
6.63
6.63
6.76
6.76
6.45
6.45
6.51
6.51
6.67
6.67
6.65
6.65
6.76
6.76
6.8
6.8
7.02
7.02
7.2
7.2
7.15
7.15
7.76
7.76
7.67
7.67
7.54
7.54
7.62
7.62
8.5
8.5
8.8
8.8
9.11
9.11
8.87
8.87
8.52
8.52
8.85
8.85
8.41
8.41
8.45
8.45
8.6
8.6
8.8
8.8
8.9
8.9
8.9
8.9
8.89
8.89
8.71
8.71
9.1
9.1
9.35
9.35
9.55
9.55
10.53
10.53
10.97
10.97
10.98
10.98
10.87
10.87
10.86
10.86
11.1
11.1
11.06
11.06
11.06
11.06
11.39
11.39
11.51
11.51
11.62
11.62
12.04
12.04
12.19
12.19
13.25
13.25
13.5
13.5
11.58
11.58
11.61
11.61
8.0
8.0
10.1
10.1
9.92
9.92
9.81
9.81
10.1
10.1
10.6
10.6
10.52
10.52
10.61
10.61
10.95
10.95
10.94
10.94
10.92
10.92
10.78
10.78
10.16
10.16
9.97
9.97
10.2
10.2
10.53
10.53
10.38
10.38
11.0
11.0
11.18
11.18
11.0
11.0
11.04
11.04
11.02
11.02
11.17
11.17
11.33
11.33
11.36
11.36
11.4
11.4
11.67
11.67
11.75
11.75
11.87
11.87
11.89
11.89
12.25
12.25
12.57
12.57
12.28
12.28
12.37
12.37
12.24
12.24
12.19
12.19
12.1
12.1
12.2
12.2
12.27
12.27
12.31
12.31
12.39
12.39
12.36
12.36
12.4
12.4
12.4
12.4
12.84
12.84
12.89
12.89
12.85
12.85
12.69
12.69
12.51
12.51
11.8
11.8
11.78
11.78
11.9
11.9
12.12
12.12
12.03
12.03
12.0
12.0
11.86
11.86
11.74
11.74
11.84
11.84
11.85
11.85
11.81
11.81
11.94
11.94
11.74
11.74
11.74
11.74
11.63
11.63
11.71
11.71
11.65
11.65
11.65
11.65
10.86
10.86
10.17
10.17
10.26
10.26
10.7
10.7
10.6
10.6
10.89
10.89
11.2
11.2
10.57
10.57
10.47
10.47
10.64
10.64
10.8
10.8
10.75
10.75
10.9
10.9
10.92
10.92
10.93
10.93
10.82
10.82
10.89
10.89
10.87
10.87
11.01
11.01
10.95
10.95
10.95
10.95
11.2
11.2
11.75
11.75
11.79
11.79
11.65
11.65
11.8
11.8
11.73
11.73
11.77
11.77
12.42
12.42
12.35
12.35
12.41
12.41
12.48
12.48
12.25
12.25
12.2
12.2
12.35
12.35
12.45
12.45
12.57
12.57
12.56
12.56
12.5
12.5
12.68
12.68
13.41
13.41
13.38
13.38
13.3
13.3
13.5
13.5
13.42
13.42
13.39
13.39
13.43
13.43
13.56
13.56
13.7
13.7
13.7
13.7
13.6
13.6
13.49
13.49
13.3
13.3
13.25
13.25
13.3
13.3
13.6
13.6
13.52
13.52
13.5
13.5
13.37
13.37
13.31
13.31
13.38
13.38
13.35
13.35
13.47
13.47
13.42
13.42
13.42
13.42
13.4
13.4
13.45
13.45
13.51
13.51
13.3
13.3
13.28
13.28
13.4
13.4
13.5
13.5
13.44
13.44
13.45
13.45
13.59
13.59
13.74
13.74
13.77
13.77
14.14
14.14
14.14
14.14
14.24
14.24
14.12
14.12
14.3
14.3
14.25
14.25
14.73
14.73
15.5
15.5
15.7
15.7
15.62
15.62
15.7
15.7
16.8
16.8
17.26
17.26
17.5
17.5
16.9
16.9
17.4
17.4
17.88
17.88
17.82
17.82
18.72
18.72
19.53
19.53
19.7
19.7
20.41
20.41
20.5
20.5
19.63
19.63
20.59
20.59
20.43
20.43
20.6
20.6
21.18
21.18
22.15
22.15
22.66
22.66
23.65
23.65
23.97
23.97
24.65
24.65
25.17
25.17
24.2
24.2
27.22
27.22
27.1
27.1
27.22
27.22
26.81
26.81
26.95
26.95
29.42
29.42
29.65
29.65
29.75
29.75
30.25
30.25
29.8
29.8
29.89
29.89
30.4
30.4
31.1
31.1
30.9
30.9
33.38
33.38
34.5
34.5
34.25
34.25
34.5
34.5
36.15
36.15
40.33
40.33
41.02
41.02
42.0
42.0
44.18
44.18
46.85
46.85
46.0
46.0
48.4
48.4
44.29
44.29
46.92
46.92
47.17
47.17
46.95
46.95
47.0
47.0
47.4
47.4
51.6
51.6
59.14
59.14
64.49
64.49
70.85
70.85
69.87
69.87
64.35
64.35
71.5
71.5
73.6
73.6
78.5
78.5
88.92
88.92
86.18
86.18
90.5
90.5
92.19
92.19
93.03
93.03
104.0
104.0
117.98
117.98
135.0
135.0
132.12
132.12
142.32
142.32
142.63
142.63
162.3
162.3
187.5
187.5
230.0
230.0
165.0
165.0
124.9
124.9
117.0
117.0
93.0
93.0
90.0
90.0
82.39
82.39
68.36
68.36
93.07
93.07
109.01
109.01
118.48
118.48
126.62
126.62
119.2
119.2
127.4
127.4
143.48
143.48
154.2
154.2
141.71
141.71
136.9
136.9
128.0
128.0
134.44
134.44
144.0
144.0
139.23
139.23
116.38
116.38
106.25
106.25
98.1
98.1
112.9
112.9
115.98
115.98
112.25
112.25
109.6
109.6
113.2
113.2
112.8
112.8
117.7
117.7
115.64
115.64
114.82
114.82
117.98
117.98
111.4
111.4
114.22
114.22
118.21
118.21
123.5
123.5
123.21
123.21
122.5
122.5
122.02
122.02
122.89
122.89
123.8
123.8
126.3
126.3
133.1
133.1
131.99
131.99
133.5
133.5
129.77
129.77
129.0
129.0
132.25
132.25
128.8
128.8
128.82
128.82
129.3
129.3
122.5
122.5
120.74
120.74
121.4
121.4
121.9
121.9
118.97
118.97
111.0
111.0
107.89
107.89
100.44
100.44
106.35
106.35
109.0
109.0
108.78
108.78
103.95
103.95
100.0
100.0
99.8
99.8
99.9
99.9
101.95
101.95
107.35
107.35
108.25
108.25
111.29
111.29
109.5
109.5
108.2
108.2
107.9
107.9
102.09
102.09
103.33
103.33
104.0
104.0
101.74
101.74
94.66
94.66
95.0
95.0
97.51
97.51
88.05
88.05
90.41
90.41
78.89
78.89
80.04
80.04
68.5
68.5
69.66
69.66
76.5
76.5
76.0
76.0
76.7
76.7
88.0
88.0
88.98
88.98
93.99
93.99
98.32
98.32
94.42
94.42
98.89
98.89
97.1
97.1
98.5
98.5
90.07
90.07
92.0
92.0
89.82
89.82
92.0
92.0
91.6
91.6
95.56
95.56
95.09
95.09
96.95
96.95
96.02
96.02
94.4
94.4
98.78
98.78
101.48
101.48
107.96
107.96
106.21
106.21
104.0
104.0
104.5
104.5
104.95
104.95
105.12
105.12
106.72
106.72
106.56
106.56
105.99
105.99
103.05
103.05
102.8
102.8
103.0
103.0
105.0
105.0
106.81
106.81
109.6
109.6
112.56
112.56
109.99
109.99
108.99
108.99
112.75
112.75
113.38
113.38
118.5
118.5
121.2
121.2
123.3
123.3
122.0
122.0
118.51
118.51
119.6
119.6
122.11
122.11
120.07
120.07
131.29
131.29
128.76
128.76
129.3
129.3
138.03
138.03
141.0
141.0
146.01
146.01
144.0
144.0
144.0
144.0
132.51
132.51
130.2
130.2
121.9
121.9
128.99
128.99
126.32
126.32
133.1
133.1
132.62
132.62
142.1
142.1
139.35
139.35
140.66
140.66
136.71
136.71
138.3
138.3
139.42
139.42
139.15
139.15
140.41
140.41
135.05
135.05
133.81
133.81
134.38
134.38
134.0
134.0
133.4
133.4
134.78
134.78
135.0
135.0
137.1
137.1
138.93
138.93
142.5
142.5
143.88
143.88
141.9
141.9
140.3
140.3
123.0
123.0
130.99
130.99
136.82
136.82
136.7
136.7
137.8
137.8
135.8
135.8
136.49
136.49
139.5
139.5
140.41
140.41
140.1
140.1
142.89
142.89
147.53
147.53
151.37
151.37
158.09
158.09
152.82
152.82
157.59
157.59
168.28
168.28
183.15
183.15
186.1
186.1
192.78
192.78
202.99
202.99
227.97
227.97
206.98
206.98
197.88
197.88
188.56
188.56
206.91
206.91
206.9
206.9
216.0
216.0
208.0
208.0
211.17
211.17
213.43
213.43
211.69
211.69
224.0
224.0
238.16
238.16
251.3
251.3
264.1
264.1
309.65
309.65
355.0
355.0
367.79
367.79
336.32
336.32
362.98
362.98
380.04
380.04
434.85
434.85
433.4
433.4
433.92
433.92
461.96
461.96
528.3
528.3
785.43
785.43
645.69
645.69
637.97
637.97
764.91
764.91
802.0
802.0
832.5
832.5
795.01
795.01
829.99
829.99
969.96
969.96
1079.89
1079.89
1101.38
1101.38
1206.93
1206.93
1205.66
1205.66
1004.39
1004.39
1096.56
1096.56
1154.86
1154.86
1237.55
1237.55
1106.35
1106.35
845.02
845.02
697.02
697.02
803.96
803.96
918.95
918.95
1033.72
1033.72
919.93
919.93
899.98
899.98
936.77
936.77
908.94
908.94
919.88
919.88
759.92
759.92
714.97
714.97
540.98
540.98
731.95
731.95
649.96
649.96
640.48
640.48
639.49
639.49
713.24
713.24
702.75
702.75
707.25
707.25
801.98
801.98
803.05
803.05
761.99
761.99
784.96
784.96
804.83
804.83
805.94
805.94
815.94
815.94
856.91
856.91
884.26
884.26
924.69
924.69
1014.74
1014.74
1012.65
1012.65
879.9
879.9
938.84
938.84
936.95
936.95
957.76
957.76
1005.32
1005.32
939.79
939.79
922.91
922.91
919.28
919.28
941.22
941.22
913.49
913.49
894.16
894.16
905.72
905.72
954.8
954.8
955.95
955.95
962.21
962.21
950.95
950.95
944.16
944.16
916.55
916.55
961.05
961.05
1007.0
1007.0
943.54
943.54
932.68
932.68
925.67
925.67
941.39
941.39
938.85
938.85
940.42
940.42
953.31
953.31
931.71
931.71
926.64
926.64
904.52
904.52
828.87
828.87
695.65
695.65
648.78
648.78
659.57
659.57
582.63
582.63
578.96
578.96
531.13
531.13
451.44
451.44
427.68
427.68
371.07
371.07
299.8
299.8
272.28
272.28
293.95
293.95
261.53
261.53
111.92
111.92
111.56
111.56
255.59
255.59
310.17
310.17
174.0
174.0
135.78
135.78
593.14
593.14
596.49
596.49
573.94
573.94
557.39
557.39
544.56
544.56
662.18
662.18
661.85
661.85
658.3
658.3
648.26
648.26
616.73
616.73
609.21
609.21
627.05
627.05
612.97
612.97
608.69
608.69
619.43
619.43
625.04
625.04
614.03
614.03
624.03
624.03
619.14
619.14
606.38
606.38
598.93
598.93
594.96
594.96
565.99
565.99
549.6
549.6
564.34
564.34
551.16
551.16
567.56
567.56
562.89
562.89
562.45
562.45
460.45
460.45
482.61
482.61
477.11
477.11
446.92
446.92
444.66
444.66
463.45
463.45
424.37
424.37
436.31
436.31
444.36
444.36
456.63
456.63
455.69
455.69
462.38
462.38
466.56
466.56
457.34
457.34
384.63
384.63
435.14
435.14
437.65
437.65
427.6
427.6
478.38
478.38
526.43
526.43
536.95
536.95
502.0
502.0
485.52
485.52
506.02
506.02
498.51
498.51
495.16
495.16
487.91
487.91
487.3
487.3
500.29
500.29
464.49
464.49
457.87
457.87
443.18
443.18
441.92
441.92
446.12
446.12
445.63
445.63
460.13
460.13
453.67
453.67
438.65
438.65
436.05
436.05
430.87
430.87
432.19
432.19
446.55
446.55
441.11
441.11
445.45
445.45
451.9
451.9
433.23
433.23
438.21
438.21
433.92
433.92
442.63
442.63
448.1
448.1
453.63
453.63
452.79
452.79
450.14
450.14
443.9
443.9
484.57
484.57
488.84
488.84
515.36
515.36
518.09
518.09
520.46
520.46
570.44
570.44
582.01
582.01
570.1
570.1
570.84
570.84
564.42
564.42
612.35
612.35
627.91
627.91
649.79
649.79
655.49
655.49
669.43
669.43
638.93
638.93
660.18
660.18
650.41
650.41
651.67
651.67
651.05
651.05
644.35
644.35
655.62
655.62
642.95
642.95
597.13
597.13
610.35
610.35
583.42
583.42
582.29
582.29
599.08
599.08
605.09
605.09
606.21
606.21
600.17
600.17
590.75
590.75
597.04
597.04
603.62
603.62
591.17
591.17
588.77
588.77
568.45
568.45
582.7
582.7
602.23
602.23
597.56
597.56
601.06
601.06
635.14
635.14
643.19
643.19
645.72
645.72
638.03
638.03
623.96
623.96
622.96
622.96
626.65
626.65
613.6
613.6
615.32
615.32
623.0
623.0
618.39
618.39
632.9
632.9
635.9
635.9
628.03
628.03
618.32
618.32
619.6
619.6
614.8
614.8
626.58
626.58
627.47
627.47
627.04
627.04
620.98
620.98
625.13
625.13
622.53
622.53
621.69
621.69
601.87
601.87
600.5
600.5
596.0
596.0
595.03
595.03
587.93
587.93
585.77
585.77
564.64
564.64
589.52
589.52
598.78
598.78
591.72
591.72
588.94
588.94
592.77
592.77
588.76
588.76
589.77
589.77
592.8
592.8
595.85
595.85
589.52
589.52
592.06
592.06
575.89
575.89
567.66
567.66
542.1
542.1
504.8
504.8
496.45
496.45
522.01
522.01
485.5
485.5
462.18
462.18
485.12
485.12
516.78
516.78
517.94
517.94
516.1
516.1
497.68
497.68
509.71
509.71
502.93
502.93
512.56
512.56
515.23
515.23
510.75
510.75
512.56
512.56
505.96
505.96
481.78
481.78
477.19
477.19
478.94
478.94
480.04
480.04
490.99
490.99
483.65
483.65
484.47
484.47
485.75
485.75
475.69
475.69
474.9
474.9
479.7
479.7
478.49
478.49
477.73
477.73
478.17
478.17
477.74
477.74
477.71
477.71
466.75
466.75
461.09
461.09
424.26
424.26
397.67
397.67
411.53
411.53
401.62
401.62
404.09
404.09
436.86
436.86
423.77
423.77
412.29
412.29
404.46
404.46
399.02
399.02
379.08
379.08
376.77
376.77
388.17
388.17
382.84
382.84
375.14
375.14
363.45
363.45
335.32
335.32
322.86
322.86
331.55
331.55
331.65
331.65
350.87
350.87
360.91
360.91
361.71
361.71
361.22
361.22
373.17
373.17
387.32
387.32
397.1
397.1
393.17
393.17
379.77
379.77
380.48
380.48
390.88
390.88
387.28
387.28
380.39
380.39
382.35
382.35
378.93
378.93
355.78
355.78
355.1
355.1
346.72
346.72
348.67
348.67
350.09
350.09
351.06
351.06
335.12
335.12
344.86
344.86
337.87
337.87
325.43
325.43
322.55
322.55
324.24
324.24
327.96
327.96
338.01
338.01
347.67
347.67
341.87
341.87
343.54
343.54
362.04
362.04
367.15
367.15
365.42
365.42
432.03
432.03
428.72
428.72
396.53
396.53
374.86
374.86
385.61
385.61
384.69
384.69
379.16
379.16
381.43
381.43
357.3
357.3
351.77
351.77
352.01
352.01
365.85
365.85
378.85
378.85
376.43
376.43
365.35
365.35
368.83
368.83
377.59
377.59
376.28
376.28
374.93
374.93
378.61
378.61
380.64
380.64
376.96
376.96
369.84
369.84
377.63
377.63
376.26
376.26
376.47
376.47
364.95
364.95
352.19
352.19
347.94
347.94
347.68
347.68
353.4
353.4
348.24
348.24
349.35
349.35
345.37
345.37
330.22
330.22
320.02
320.02
310.34
310.34
317.78
317.78
330.35
330.35
322.63
322.63
330.84
330.84
335.25
335.25
322.4
322.4
318.99
318.99
329.98
329.98
315.34
315.34
316.53
316.53
314.12
314.12
311.27
311.27
318.24
318.24
314.89
314.89
315.21
315.21
287.13
287.13
264.72
264.72
274.84
274.84
282.27
282.27
291.34
291.34
282.69
282.69
287.97
287.97
273.35
273.35
264.77
264.77
269.33
269.33
221.29
221.29
164.92
164.92
209.78
209.78
206.92
206.92
199.65
199.65
210.62
210.62
215.87
215.87
210.55
210.55
228.17
228.17
232.7
232.7
232.17
232.17
248.16
248.16
252.09
252.09
269.18
269.18
263.27
263.27
236.17
236.17
233.99
233.99
231.84
231.84
218.51
218.51
225.29
225.29
238.86
238.86
227.41
227.41
226.58
226.58
216.52
216.52
222.96
222.96
227.68
227.68
223.67
223.67
220.34
220.34
219.67
219.67
218.83
218.83
221.79
221.79
236.17
236.17
258.64
258.64
233.27
233.27
235.83
235.83
243.2
243.2
235.2
235.2
241.92
241.92
244.52
244.52
244.41
244.41
235.73
235.73
238.82
238.82
238.89
238.89
237.33
237.33
236.53
236.53
253.47
253.47
254.06
254.06
257.94
257.94
273.75
273.75
280.65
280.65
271.92
271.92
275.23
275.23
272.56
272.56
274.91
274.91
274.49
274.49
290.02
290.02
291.37
291.37
295.6
295.6
293.85
293.85
287.21
287.21
281.6
281.6
284.88
284.88
290.41
290.41
285.38
285.38
255.92
255.92
260.93
260.93
261.78
261.78
259.71
259.71
268.57
268.57
265.46
265.46
246.72
246.72
246.37
246.37
248.02
248.02
247.21
247.21
252.02
252.02
242.08
242.08
246.79
246.79
244.15
244.15
246.24
246.24
252.6
252.6
254.48
254.48
252.89
252.89
259.64
259.64
254.97
254.97
252.97
252.97
244.57
244.57
243.32
243.32
234.73
234.73
236.48
236.48
235.85
235.85
223.59
223.59
217.99
217.99
222.97
222.97
227.98
227.98
222.59
222.59
223.35
223.35
223.02
223.02
224.24
224.24
233.73
233.73
233.78
233.78
235.4
235.4
231.09
231.09
226.14
226.14
218.7
218.7
228.96
228.96
225.81
225.81
225.42
225.42
235.77
235.77
233.21
233.21
235.34
235.34
239.99
239.99
238.97
238.97
235.82
235.82
230.03
230.03
237.73
237.73
243.74
243.74
241.4
241.4
239.96
239.96
241.81
241.81
241.58
241.58
236.38
236.38
236.9
236.9
237.2
237.2
236.23
236.23
236.3
236.3
232.64
232.64
232.02
232.02
233.96
233.96
235.38
235.38
240.37
240.37
238.94
238.94
240.98
240.98
237.41
237.41
237.84
237.84
237.29
237.29
237.32
237.32
237.03
237.03
233.22
233.22
229.84
229.84
223.14
223.14
225.74
225.74
225.59
225.59
224.22
224.22
225.29
225.29
224.74
224.74
223.47
223.47
228.57
228.57
229.56
229.56
228.79
228.79
229.88
229.88
230.46
230.46
232.48
232.48
233.75
233.75
237.0
237.0
249.82
249.82
247.38
247.38
248.44
248.44
244.13
244.13
244.98
244.98
244.1
244.1
247.46
247.46
243.76
243.76
240.56
240.56
242.56
242.56
242.95
242.95
250.73
250.73
248.88
248.88
256.97
256.97
264.12
264.12
257.62
257.62
254.88
254.88
255.4
255.4
260.55
260.55
270.14
270.14
269.08
269.08
266.21
266.21
268.64
268.64
269.14
269.14
283.62
283.62
291.97
291.97
310.44
310.44
290.35
290.35
286.96
286.96
283.42
283.42
276.59
276.59
279.62
279.62
274.05
274.05
273.18
273.18
277.68
277.68
275.09
275.09
276.46
276.46
275.52
275.52
288.37
288.37
288.74
288.74
291.77
291.77
293.01
293.01
293.7
293.7
288.37
288.37
287.02
287.02
283.73
283.73
280.47
280.47
281.36
281.36
281.58
281.58
284.3
284.3
281.72
281.72
278.0
278.0
277.89
277.89
258.6
258.6
263.87
263.87
263.3
263.3
269.03
269.03
267.66
267.66
263.44
263.44
265.03
265.03
260.52
260.52
257.12
257.12
257.13
257.13
246.72
246.72
226.0
226.0
234.66
234.66
232.4
232.4
229.54
229.54
226.75
226.75
211.43
211.43
220.51
220.51
224.97
224.97
222.73
222.73
231.64
231.64
228.5
228.5
228.4
228.4
229.47
229.47
227.18
227.18
228.63
228.63
226.2
226.2
230.25
230.25
233.67
233.67
239.86
239.86
239.58
239.58
243.24
243.24
237.41
237.41
238.08
238.08
239.9
239.9
235.6
235.6
230.19
230.19
229.91
229.91
229.53
229.53
228.6
228.6
232.72
232.72
232.21
232.21
231.11
231.11
231.09
231.09
226.33
226.33
230.01
230.01
229.89
229.89
233.76
233.76
235.03
235.03
234.3
234.3
232.5
232.5
238.87
238.87
236.71
236.71
235.93
235.93
237.05
237.05
236.71
236.71
238.58
238.58
238.33
238.33
240.15
240.15
246.14
246.14
242.98
242.98
242.58
242.58
244.04
244.04
245.35
245.35
247.65
247.65
245.35
245.35
248.78
248.78
252.33
252.33
254.44
254.44
262.87
262.87
269.58
269.58
261.67
261.67
263.82
263.82
269.75
269.75
267.11
267.11
274.42
274.42
276.92
276.92
282.56
282.56
287.86
287.86
285.15
285.15
294.66
294.66
303.54
303.54
313.63
313.63
327.12
327.12
311.24
311.24
322.95
322.95
359.28
359.28
396.49
396.49
400.89
400.89
382.7
382.7
369.81
369.81
385.09
385.09
371.56
371.56
380.22
380.22
336.69
336.69
304.71
304.71
333.85
333.85
333.77
333.77
331.77
331.77
317.45
317.45
330.21
330.21
333.91
333.91
335.92
335.92
324.98
324.98
321.12
321.12
324.7
324.7
322.78
322.78
322.12
322.12
318.35
318.35
327.52
327.52
353.74
353.74
359.52
359.52
355.83
355.83
370.84
370.84
377.97
377.97
361.8
361.8
359.98
359.98
360.31
360.31
361.67
361.67
386.69
386.69
393.38
393.38
394.28
394.28
410.67
410.67
416.0
416.0
415.49
415.49
449.83
449.83
432.29
432.29
434.69
434.69
442.0
442.0
462.65
462.65
453.98
453.98
455.53
455.53
463.18
463.18
461.2
461.2
441.78
441.78
437.59
437.59
437.03
437.03
442.43
442.43
452.98
452.98
454.05
454.05
415.37
415.37
422.39
422.39
421.76
421.76
431.92
431.92
427.15
427.15
429.95
429.95
433.99
433.99
433.72
433.72
430.7
430.7
433.32
433.32
431.2
431.2
430.82
430.82
457.05
457.05
452.87
452.87
448.31
448.31
446.19
446.19
447.72
447.72
445.04
445.04
432.18
432.18
429.13
429.13
372.26
372.26
385.04
385.04
382.47
382.47
384.4
384.4
379.46
379.46
414.58
414.58
410.24
410.24
382.65
382.65
388.61
388.61
402.13
402.13
392.76
392.76
389.78
389.78
395.02
395.02
379.69
379.69
380.29
380.29
377.76
377.76
369.84
369.84
372.18
372.18
373.92
373.92
368.02
368.02
390.65
390.65
386.46
386.46
376.68
376.68
377.94
377.94
372.63
372.63
375.32
375.32
381.88
381.88
379.45
379.45
384.04
384.04
390.1
390.1
405.5
405.5
401.07
401.07
406.42
406.42
417.14
417.14
421.4
421.4
419.98
419.98
440.06
440.06
437.87
437.87
437.79
437.79
419.9
419.9
422.72
422.72
423.48
423.48
427.32
427.32
431.3
431.3
432.47
432.47
436.21
436.21
434.04
434.04
425.36
425.36
419.56
419.56
409.48
409.48
399.0
399.0
405.96
405.96
414.87
414.87
411.9
411.9
412.76
412.76
415.83
415.83
419.11
419.11
410.36
410.36
412.41
412.41
414.31
414.31
415.13
415.13
415.91
415.91
418.16
418.16
408.16
408.16
408.69
408.69
411.53
411.53
411.11
411.11
416.21
416.21
416.98
416.98
414.74
414.74
415.71
415.71
416.51
416.51
424.57
424.57
422.21
422.21
415.0
415.0
412.44
412.44
415.66
415.66
415.64
415.64
418.51
418.51
419.06
419.06
419.33
419.33
422.07
422.07
421.26
421.26
420.14
420.14
417.69
417.69
418.05
418.05
420.25
420.25
421.43
421.43
424.74
424.74
423.47
423.47
424.02
424.02
428.67
428.67
430.05
430.05
426.26
426.26
427.69
427.69
434.92
434.92
441.16
441.16
449.34
449.34
445.28
445.28
450.08
450.08
457.56
457.56
461.73
461.73
466.0
466.0
447.01
447.01
448.48
448.48
454.98
454.98
448.53
448.53
452.24
452.24
444.18
444.18
450.27
450.27
445.8
445.8
448.08
448.08
459.56
459.56
458.46
458.46
457.87
457.87
460.44
460.44
449.36
449.36
452.5
452.5
454.43
454.43
455.41
455.41
456.44
456.44
458.11
458.11
454.87
454.87
453.25
453.25
454.22
454.22
442.66
442.66
442.11
442.11
443.64
443.64
439.62
439.62
443.69
443.69
446.11
446.11
449.78
449.78
453.3
453.3
474.05
474.05
524.22
524.22
516.05
516.05
532.26
532.26
528.92
528.92
537.4
537.4
537.1
537.1
567.03
567.03
571.95
571.95
574.91
574.91
583.58
583.58
575.58
575.58
580.51
580.51
574.69
574.69
577.89
577.89
591.6
591.6
666.55
666.55
700.07
700.07
685.14
685.14
690.77
690.77
761.21
761.21
743.9
743.9
753.77
753.77
761.04
761.04
733.97
733.97
667.38
667.38
590.56
590.56
620.84
620.84
656.89
656.89
663.52
663.52
625.41
625.41
644.66
644.66
644.89
644.89
636.54
636.54
670.02
670.02
674.57
674.57
698.06
698.06
661.64
661.64
675.16
675.16
663.67
663.67
672.7
672.7
635.25
635.25
662.78
662.78
651.83
651.83
647.11
647.11
646.71
646.71
670.56
670.56
661.15
661.15
657.25
657.25
664.2
664.2
660.69
660.69
676.33
676.33
670.38
670.38
671.1
671.1
664.4
664.4
664.62
664.62
651.11
651.11
655.16
655.16
659.29
659.29
654.0
654.0
654.38
654.38
654.54
654.54
654.13
654.13
655.43
655.43
654.74
654.74
621.87
621.87
607.0
607.0
513.43
513.43
566.44
566.44
576.22
576.22
574.66
574.66
586.45
586.45
590.85
590.85
589.24
589.24
585.25
585.25
590.94
590.94
587.84
587.84
587.14
587.14
584.59
584.59
569.06
569.06
566.95
566.95
580.19
580.19
572.34
572.34
573.39
573.39
574.56
574.56
582.61
582.61
580.66
580.66
587.47
587.47
583.56
583.56
579.66
579.66
577.96
577.96
579.37
579.37
570.35
570.35
574.98
574.98
574.23
574.23
577.32
577.32
573.88
573.88
571.99
571.99
575.29
575.29
598.84
598.84
609.55
609.55
605.76
605.76
610.44
610.44
613.21
613.21
625.57
625.57
623.16
623.16
624.52
624.52
605.61
605.61
607.98
607.98
608.61
608.61
609.54
609.54
608.11
608.11
607.78
607.78
607.08
607.08
610.7
610.7
609.85
609.85
609.24
609.24
597.16
597.16
595.63
595.63
602.92
602.92
602.59
602.59
601.49
601.49
606.54
606.54
605.47
605.47
604.67
604.67
604.7
604.7
608.14
608.14
613.41
613.41
610.69
610.69
611.6
611.6
608.96
608.96
611.82
611.82
610.97
610.97
616.03
616.03
617.65
617.65
615.77
615.77
617.29
617.29
640.45
640.45
635.99
635.99
635.6
635.6
637.92
637.92
637.03
637.03
640.12
640.12
637.37
637.37
635.34
635.34
629.06
629.06
628.34
628.34
630.45
630.45
655.48
655.48
653.03
653.03
650.49
650.49
651.0
651.0
674.67
674.67
682.3
682.3
686.24
686.24
714.95
714.95
697.27
697.27
698.67
698.67
726.76
726.76
733.51
733.51
684.87
684.87
702.08
702.08
702.11
702.11
709.91
709.91
705.4
705.4
710.9
710.9
721.42
721.42
714.57
714.57
714.97
714.97
704.27
704.27
701.97
701.97
704.56
704.56
711.1
711.1
740.28
740.28
737.53
737.53
746.96
746.96
747.89
747.89
728.51
728.51
736.19
736.19
749.34
749.34
741.07
741.07
735.31
735.31
740.39
740.39
734.14
734.14
729.42
729.42
733.3
733.3
732.56
732.56
742.49
742.49
752.63
752.63
770.94
770.94
764.24
764.24
766.39
766.39
754.34
754.34
758.21
758.21
765.56
765.56
768.49
768.49
770.48
770.48
774.0
774.0
767.91
767.91
778.47
778.47
778.74
778.74
776.5
776.5
775.21
775.21
782.05
782.05
787.17
787.17
789.01
789.01
789.79
789.79
799.1
799.1
829.21
829.21
860.15
860.15
917.17
917.17
891.07
891.07
891.07
891.07
898.38
898.38
925.78
925.78
972.17
972.17
971.08
971.08
959.04
959.04
963.38
963.38
995.44
995.44
1017.05
1017.05
1033.3
1033.3
1135.41
1135.41
989.35
989.35
886.16
886.16
888.87
888.87
900.86
900.86
899.78
899.78
904.37
904.37
785.43
785.43
810.11
810.11
824.83
824.83
819.63
819.63
821.17
821.17
827.34
827.34
899.66
899.66
872.03
872.03
895.21
895.21
892.91
892.91
919.84
919.84
918.84
918.84
921.46
921.46
893.75
893.75
894.41
894.41
915.56
915.56
918.01
918.01
918.51
918.51
914.55
914.55
920.73
920.73
965.49
965.49
982.43
982.43
1003.97
1003.97
1013.02
1013.02
1031.85
1031.85
1016.11
1016.11
1024.67
1024.67
1049.56
1049.56
1055.49
1055.49
978.96
978.96
997.61
997.61
1008.32
1008.32
996.52
996.52
995.36
995.36
1008.34
1008.34
1008.19
1008.19
1031.93
1031.93
1049.41
1049.41
1052.28
1052.28
1048.89
1048.89
1077.56
1077.56
1119.03
1119.03
1120.46
1120.46
1171.91
1171.91
1176.49
1176.49
1149.05
1149.05
1171.58
1171.58
1188.83
1188.83
1189.27
1189.27
1222.66
1222.66
1255.47
1255.47
1283.3
1283.3
1264.32
1264.32
1271.22
1271.22
1277.01
1277.01
1232.69
1232.69
1146.97
1146.97
1191.33
1191.33
1112.39
1112.39
1179.22
1179.22
1225.11
1225.11
1238.19
1238.19
1243.14
1243.14
1253.43
1253.43
1172.88
1172.88
1071.71
1071.71
971.38
971.38
1022.6
1022.6
1047.51
1047.51
1121.29
1121.29
1044.72
1044.72
1035.03
1035.03
939.7
939.7
966.3
966.3
969.44
969.44
1045.14
1045.14
1044.42
1044.42
1041.9
1041.9
1037.91
1037.91
1079.11
1079.11
1086.12
1086.12
1097.4
1097.4
1147.56
1147.56
1141.77
1141.77
1129.87
1129.87
1188.7
1188.7
1190.49
1190.49
1180.78
1180.78
1204.34
1204.34
1206.71
1206.71
1220.74
1220.74
1212.53
1212.53
1176.2
1176.2
1177.33
1177.33
1176.99
1176.99
1176.8
1176.8
1194.01
1194.01
1206.09
1206.09
1215.2
1215.2
1238.09
1238.09
1249.64
1249.64
1240.89
1240.89
1249.14
1249.14
1248.18
1248.18
1264.31
1264.31
1286.63
1286.63
1332.91
1332.91
1329.62
1329.62
1336.28
1336.28
1351.91
1351.91
1415.81
1415.81
1445.93
1445.93
1485.55
1485.55
1516.76
1516.76
1507.77
1507.77
1545.29
1545.29
1554.45
1554.45
1664.47
1664.47
1697.5
1697.5
1752.31
1752.31
1819.29
1819.29
1686.39
1686.39
1763.74
1763.74
1772.55
1772.55
1708.92
1708.92
1729.34
1729.34
1801.3
1801.3
1880.99
1880.99
1962.0
1962.0
2040.18
2040.18
2044.19
2044.19
2124.41
2124.41
2272.58
2272.58
2445.28
2445.28
2307.22
2306.96
2244.89
2244.89
2052.43
2052.43
2189.02
2189.02
2278.21
2278.21
2192.55
2192.55
2303.34
2303.34
2412.65
2412.65
2492.6
2492.6
2545.43
2545.43
2524.06
2524.06
2704.96
2704.96
2870.5
2870.5
2691.51
2691.51
2798.78
2798.78
2811.43
2811.43
2900.25
2900.25
2973.45
2973.45
2656.77
2656.77
2712.99
2712.99
2467.27
2467.27
2442.46
2442.46
2508.58
2508.58
2655.1
2655.1
2539.56
2539.56
2616.82
2616.82
2754.38
2754.38
2677.62
2677.62
2722.84
2722.84
2710.37
2710.37
2590.05
2590.05
2541.62
2541.62
2446.05
2446.05
2583.75
2583.75
2577.74
2577.74
2558.37
2558.37
2480.61
2480.61
2424.61
2424.61
2536.46
2536.46
2572.47
2572.47
2617.32
2617.32
2627.86
2627.86
2614.24
2614.24
2513.88
2513.88
2564.86
2564.86
2511.43
2511.43
2344.02
2344.02
2324.29
2324.29
2403.09
2403.09
2362.44
2362.44
2234.17
2234.17
1975.08
1975.08
1914.09
1914.09
2233.39
2233.39
2320.23
2320.23
2282.58
2282.58
2866.02
2866.02
2675.08
2675.08
2836.53
2836.53
2756.61
2756.61
2763.42
2763.42
2582.58
2582.58
2559.21
2559.21
2691.88
2691.88
2806.75
2806.75
2733.5
2733.5
2766.49
2766.49
2883.27
2883.27
2746.99
2746.99
2720.53
2720.53
2809.99
2809.99
2878.49
2878.49
3262.8
3262.8
3232.03
3232.03
3401.91
3401.91
3429.38
3429.38
3348.79
3348.79
3425.67
3425.67
3654.37
3654.37
3871.62
3871.62
4062.6
4062.6
4327.94
4327.94
4161.66
4161.66
4387.4
4387.4
4278.92
4278.92
4105.37
4105.37
4150.45
4150.45
4066.6
4066.6
4005.1
4005.1
4089.7
4089.7
4141.09
4141.09
4318.35
4318.35
4364.41
4364.41
4352.3
4352.3
4345.75
4345.75
4390.31
4390.31
4597.31
4597.31
4583.02
4583.02
4735.11
4735.11
4921.85
4921.85
4573.8
4573.8
4612.92
4612.92
4267.45
4267.45
4409.08
4409.08
4618.71
4618.71
4635.6
4635.6
4326.45
4326.45
4335.13
4335.13
4245.89
4245.89
4217.9
4217.9
4158.92
4158.92
3870.29
3870.29
3243.08
3243.08
3713.76
3713.76
3698.92
3698.92
3689.61
3689.61
4100.28
4100.28
3907.96
3907.96
3882.16
3882.16
3617.27
3617.27
3600.83
3600.83
3788.02
3788.02
3667.52
3667.52
3932.83
3932.83
3892.7
3892.7
4212.2
4212.2
4195.65
4195.65
4172.79
4172.79
4360.62
4360.62
4403.09
4403.09
4401.32
4401.32
4314.18
4314.18
4218.66
4218.66
4321.44
4321.44
4371.94
4371.94
4435.81
4435.81
4611.7
4611.7
4777.49
4777.49
4763.36
4763.36
4824.2
4824.2
5432.62
5432.62
5637.26
5637.26
5824.71
5824.71
5688.14
5677.35
5759.33
5759.25
5598.58
5598.58
5575.83
5576.71
5698.65
5698.62
5993.11
5993.11
6006.65
6006.65
5982.86
5982.86
5903.61
5903.61
5513.08
5513.08
5734.0
5734.0
5887.61
5887.62
5764.56
5764.56
5726.61
5726.61
6147.52
6147.7
6124.28
6124.28
6451.24
6449.1
6737.78
6737.78
7024.81
7024.81
7152.12
7146.98
7363.8
7363.8
7389.55
7389.55
6959.23
6959.27
7102.75
7102.23
7444.36
7444.36
7129.59
7129.59
6565.8
6565.8
6339.86
6339.87
5878.13
5878.09
6522.45
6522.45
6597.06
6597.06
7283.22
7283.02
7853.68
7853.68
7699.95
7699.95
7780.91
7781.02
8042.64
8042.64
8244.69
8245.87
8099.97
8099.92
8234.55
8234.5
8013.41
8013.38
8200.8
8203.45
8754.69
8754.62
9318.42
9318.42
9733.2
9732.63
9906.04
9906.04
9837.86
9848.05
9946.76
9947.08
10861.47
10861.47
10912.73
10912.72
11246.21
11244.2
11623.91
11624.37
11667.13
11667.13
13749.57
13750.09
16850.31
16867.98
16047.61
16048.18
14843.42
14839.98
15059.6
15060.45
16732.47
16733.29
17083.9
17083.9
16286.82
16286.82
16467.91
16467.91
17604.85
17594.08
19345.49
19346.6
19065.71
19065.71
18972.32
18971.19
17523.7
17521.73
16461.97
16461.09
15632.12
15632.12
13664.97
13664.97
14396.46
14396.63
13789.95
13789.95
13833.49
13830.19
15756.56
15757.02
15416.64
15416.34
14398.7
14398.45
14392.57
14392.14
12531.52
12532.38
13850.4
13850.49
13444.88
13444.88
14754.13
14754.09
15156.62
15156.49
15180.08
15180.08
16954.78
16954.76
17172.3
17174.5
16228.16
16228.26
14976.17
14976.17
14468.5
14468.09
14919.49
14920.36
13308.06
13308.06
13841.19
13841.19
14243.12
14244.12
13638.63
13638.63
13631.98
13634.6
11282.49
11282.49
11162.7
11162.7
11175.52
11175.52
11521.76
11521.82
12783.94
12783.54
11549.93
11549.98
10814.52
10814.52
10858.23
10853.78
11429.02
11428.11
11175.87
11175.87
11104.2
11104.34
11459.71
11460.39
11767.74
11767.74
11233.95
11234.32
10107.26
10107.4
10226.86
10226.86
9114.72
9114.73
8870.82
8872.87
9251.27
9251.27
8218.05
8218.05
6937.08
6936.43
7701.25
7701.25
7592.72
7593.78
8260.69
8259.26
8696.83
8696.83
8569.29
8569.32
8084.61
8084.61
8911.27
8911.17
8544.69
8544.69
9485.64
9485.64
10033.75
10033.75
10188.73
10188.73
11097.21
11097.21
10417.23
10418.12
11182.28
11182.28
11256.43
11256.78
10481.66
10481.66
9847.96
9847.96
10175.51
10175.51
9705.73
9705.73
9610.11
9610.11
10326.5
10326.5
10594.76
10594.76
10334.44
10334.44
10929.37
10929.37
11043.12
11043.12
11465.36
11465.36
11504.42
11503.94
11440.73
11440.33
10735.45
10735.45
9928.56
9928.56
9316.72
9316.77
9252.76
9252.76
8797.27
8797.27
9544.84
9543.98
9142.15
9142.27
9160.12
9160.12
8217.7
8216.22
8268.41
8267.95
8283.23
8283.23
7883.45
7882.67
8215.4
8215.5
8623.14
8623.14
8920.71
8920.53
8911.35
8911.37
8724.98
8724.98
8934.8
8935.51
8548.06
8548.39
8472.84
8472.56
8152.2
8152.18
7808.48
7808.42
7959.78
7959.78
7106.62
7106.62
6853.76
6853.75
6943.77
6943.77
6835.84
6835.58
7074.6
7074.65
7434.3
7434.3
6815.5
6815.5
6790.45
6790.45
6634.86
6634.86
6917.2
6917.2
7049.92
7049.92
6789.53
6789.53
6871.07
6871.07
6977.13
6977.04
7927.73
7927.73
7899.11
7898.74
8022.51
8022.51
8376.73
8376.73
8079.77
8079.77
7921.63
7921.65
8189.96
8189.92
8301.82
8301.82
8877.08
8877.15
8935.72
8935.85
8823.36
8823.46
8968.25
8967.86
9655.77
9657.69
8873.62
8873.57
9282.12
9289.01
8938.47
8938.47
9351.47
9349.94
9407.04
9407.35
9248.45
9248.25
9077.28
9077.28
9232.19
9232.19
9745.04
9746.26
9699.61
9700.37
9845.9
9846.44
9644.92
9643.99
9377.81
9377.08
9196.13
9196.13
9321.16
9321.52
9032.22
9032.22
8421.0
8420.82
8486.67
8488.07
8709.46
8709.46
8672.9
8672.88
8480.16
8480.16
8344.78
8342.69
8071.04
8071.04
8247.91
8247.91
8249.24
8249.24
8533.0
8533.22
8419.65
8419.67
7992.75
7992.75
7505.77
7505.77
7584.74
7584.78
7475.36
7475.36
7355.06
7355.06
7362.23
7362.23
7118.88
7118.88
7474.75
7474.75
7393.02
7393.02
7502.15
7501.74
7530.55
7530.55
7643.26
7643.26
7719.75
7719.73
7503.2
7503.32
7629.4
7629.4
7661.79
7661.79
7700.11
7700.4
7627.52
7627.56
7513.69
7513.76
6773.72
6773.72
6887.37
6887.43
6556.94
6556.94
6310.43
6310.43
6643.26
6643.63
6396.71
6396.71
6503.1
6503.1
6457.78
6457.78
6714.82
6714.56
6741.28
6741.28
6761.27
6761.27
6720.64
6720.64
6051.47
6051.47
6166.54
6166.36
6157.78
6157.78
6260.35
6260.4
6088.39
6092.26
6141.57
6141.57
5871.28
5870.81
6203.8
6203.81
6385.38
6385.43
6339.04
6342.69
6615.66
6616.6
6509.58
6508.43
6590.06
6589.77
6534.81
6534.81
6602.02
6602.03
6758.08
6758.08
6707.38
6707.46
6668.84
6668.84
6306.85
6306.87
6394.36
6394.36
6253.6
6253.66
6229.83
6229.61
6268.75
6268.32
6364.26
6364.26
6740.55
6740.54
7326.7
7326.76
7383.39
7383.39
7477.5
7477.1
7333.93
7333.93
7405.4
7405.4
7398.64
7398.64
7718.0
7718.0
8395.82
8395.81
8170.23
8170.37
7937.25
7937.1
8182.89
8182.88
8230.87
8230.82
8216.78
8216.7
8176.06
8176.08
7735.3
7736.25
7610.9
7610.9
7542.34
7542.34
7417.6
7417.6
7017.89
7017.89
7042.39
7042.57
6945.78
6945.77
6723.21
6723.29
6285.02
6285.06
6543.24
6543.25
6153.41
6152.95
6242.54
6242.53
6322.92
6322.41
6263.2
6263.2
6199.6
6199.63
6274.22
6274.22
6323.81
6323.81
6591.16
6591.18
6405.71
6405.74
6502.18
6502.24
6269.9
6270.09
6491.11
6491.09
6366.13
6366.14
6538.95
6539.13
6708.96
6708.94
6749.56
6749.71
6720.6
6720.6
6915.73
6915.92
7091.38
7091.38
7052.0
7051.61
6998.76
6998.76
7026.96
7026.96
7203.46
7203.46
7301.26
7301.25
7270.05
7270.05
7369.86
7369.89
6705.03
6705.06
6515.42
6515.42
6411.78
6413.12
6200.16
6200.23
6249.07
6249.07
6324.43
6324.43
6295.54
6295.54
6337.11
6337.08
6492.0
6492.17
6486.01
6485.39
6522.08
6522.68
6502.44
6502.44
6261.48
6261.33
6346.44
6346.44
6398.8
6398.83
6505.9
6505.97
6762.06
6762.07
6716.6
6716.6
6702.7
6702.73
6583.53
6583.53
6437.74
6437.74
6462.6
6462.6
6686.13
6686.13
6635.38
6635.4
6603.75
6603.75
6623.71
6623.82
6594.98
6594.98
6525.47
6525.46
6492.26
6492.61
6579.79
6580.0
6632.87
6632.88
6589.94
6589.94
6601.15
6601.46
6650.07
6650.07
6631.79
6631.79
6581.07
6581.07
6209.47
6209.47
6250.85
6252.1
6267.27
6267.27
6277.73
6277.73
6612.36
6612.69
6583.05
6583.05
6574.52
6576.4
6488.72
6489.37
6469.28
6469.28
6490.56
6490.6
6509.87
6509.87
6483.23
6484.32
6470.22
6470.63
6476.25
6476.52
6462.77
6462.77
6457.21
6457.21
6470.17
6470.17
6470.74
6470.74
6313.91
6314.38
6309.11
6309.11
6342.61
6342.81
6381.3
6381.3
6394.66
6394.65
6376.32
6376.55
6467.05
6467.05
6433.74
6433.53
6479.72
6479.72
6529.68
6530.94
6446.06
6446.06
6377.99
6377.99
6396.37
6396.39
6408.18
6408.18
6375.08
6375.08
6339.17
6339.17
5741.47
5740.51
5647.5
5647.5
5586.27
5586.97
5568.94
5567.95
5615.26
5615.26
4809.62
4809.62
4441.81
4441.81
4593.04
4593.04
4320.68
4320.68
4343.42
4343.42
3854.11
3854.11
4004.15
4004.46
3784.59
3784.77
3822.99
3822.99
4263.55
4263.52
4286.69
4286.85
4009.67
4009.67
4197.46
4197.7
4143.86
4143.86
3871.41
3871.41
3948.44
3948.44
3737.53
3737.53
3485.18
3485.18
3420.57
3420.57
3461.07
3461.07
3592.84
3592.84
3467.16
3467.16
3401.02
3401.02
3485.59
3485.59
3305.11
3305.11
3235.48
3235.48
3232.51
3232.51
3255.37
3255.37
3548.19
3548.19
3715.85
3715.85
3736.54
3736.54
4137.66
4137.66
3898.81
3898.81
4045.24
4045.24
4007.63
4007.63
4081.95
4081.95
3834.73
3834.73
3848.78
3848.78
3646.09
3646.09
3947.86
3947.86
3797.06
3797.06
3896.21
3896.21
3747.39
3747.39
3880.15
3880.15
3961.01
3961.01
3835.86
3835.86
3874.06
3874.06
3855.39
3855.39
4102.85
4102.85
4050.4
4050.4
4040.75
4040.75
4048.34
4048.34
3668.15
3668.15
3669.2
3669.2
3664.38
3664.38
3551.24
3551.24
3703.9
3703.9
3621.24
3621.24
3643.99
3643.99
3685.3
3685.3
3648.05
3648.05
3729.78
3729.78
3567.73
3567.73
3571.92
3571.92
3602.04
3602.04
3572.05
3572.05
3598.52
3598.52
3582.89
3582.89
3596.5
3596.5
3565.08
3565.08
3453.42
3453.42
3418.25
3418.25
3467.21
3467.21
3434.13
3434.13
3461.63
3461.63
3508.68
3508.68
3449.62
3449.62
3431.24
3431.24
3447.66
3447.66
3394.89
3394.89
3375.33
3375.33
3660.03
3660.03
3652.26
3652.26
3685.14
3685.14
3611.34
3611.34
3617.41
3617.41
3605.87
3605.87
3588.72
3588.72
3593.49
3593.49
3617.24
3617.24
3670.92
3670.92
3912.57
3912.57
3924.24
3924.24
3974.05
3974.05
3937.04
3937.04
3983.53
3983.53
4149.09
4149.09
3771.62
3771.62
3845.51
3845.51
3817.88
3817.88
3830.72
3830.72
3823.37
3823.37
3831.48
3831.48
3842.94
3842.94
3812.31
3812.31
3731.28
3731.28
3874.18
3874.18
3874.98
3874.98
3882.61
3882.61
3868.02
3868.02
3947.74
3947.74
3929.84
3929.84
3874.89
3874.89
3888.57
3888.57
3878.44
3878.44
3881.44
3881.44
3927.08
3927.08
4027.01
4027.01
3998.0
3998.0
3988.85
3988.85
4024.14
4024.14
4056.75
4056.75
3996.93
3996.93
4000.84
4000.84
4007.21
4007.21
3994.11
3994.11
3924.55
3924.55
3942.22
3942.22
4045.98
4045.98
4036.45
4036.45
4111.38
4111.38
4118.13
4118.13
4112.69
4112.69
4151.32
4151.32
4906.93
4906.93
4976.59
4976.59
4913.36
4913.36
5047.23
5047.23
5057.25
5057.25
5201.16
5201.16
5294.09
5294.09
5201.3
5201.3
5318.6
5318.6
5048.56
5048.56
5081.5
5081.5
5080.66
5080.66
5165.59
5165.59
5037.27
5037.27
5212.81
5212.81
5236.26
5236.26
5289.75
5289.75
5295.53
5295.53
5326.18
5326.18
5305.74
5305.74
5394.67
5394.67
5539.1
5539.1
5454.58
5454.58
5162.67
5162.67
5234.09
5234.09
5229.48
5233.47
5272.45
5272.45
5237.96
5237.96
5350.64
5350.64
5389.54
5389.54
5500.72
5500.72
5753.38
5753.38
5840.08
5840.08
5794.14
5794.14
5748.17
5748.17
5819.57
5819.57
5998.71
5998.71
6171.96
6171.96
6358.29
6358.29
7191.36
7191.36
6977.63
6977.63
7806.36
7806.36
7980.13
7980.13
8183.83
8183.83
7874.11
7874.11
7371.96
7371.96
7266.08
7266.08
8193.14
8193.14
7998.29
7998.29
7947.93
7947.93
7626.89
7626.89
7876.5
7876.5
7996.4
7996.4
8059.13
8059.13
8726.23
8726.23
8785.17
8785.17
8718.85
8718.85
8664.56
8664.56
8276.25
8276.25
8550.67
8550.67
8555.87
8555.87
8737.91
8737.91
8114.49
8114.49
7677.47
7677.47
7791.29
7791.29
7807.36
7807.36
8002.63
8002.63
7933.78
7933.78
7643.44
7643.44
8021.0
8021.0
7917.32
7917.32
8174.14
8174.14
8235.57
8235.57
8693.96
8693.96
8853.56
8853.56
8979.18
8979.18
9336.01
9336.01
9081.71
9081.71
9280.54
9280.54
9536.85
9536.85
10218.87
10218.87
10689.54
10689.54
10855.99
10855.99
11035.74
11035.74
11740.34
11740.34
12913.28
12913.28
11154.09
11154.09
12355.06
12355.06
11884.1
11884.1
10769.05
10769.05
10591.87
10591.87
10844.13
10844.13
11981.61
11981.61
11156.52
11156.52
10993.25
10993.25
11248.94
11248.94
11474.28
11474.28
12296.16
12296.16
12567.02
12567.02
12099.12
12099.12
11343.12
11343.12
11797.37
11797.37
11363.97
11363.97
10204.41
10204.41
10850.26
10850.26
9423.44
9423.44
9696.15
9696.15
10638.35
10638.35
10532.94
10532.94
10759.42
10759.42
10586.71
10586.71
10325.87
10325.87
9854.15
9854.15
9772.14
9772.14
9882.43
9882.43
9847.45
9847.45
9478.32
9478.32
9531.77
9531.77
9506.93
9506.93
9595.52
9595.52
10089.25
10089.25
10409.79
10409.79
10528.99
10528.99
10820.41
10820.41
10978.91
10978.91
11807.96
11807.96
11467.1
11467.1
11974.28
11974.28
11982.8
11982.8
11865.21
11865.21
11293.59
11293.59
11549.06
11549.06
11387.41
11387.41
10872.0
10872.0
10031.89
10031.89
10308.51
10308.51
10360.43
10360.43
10220.75
10220.75
10326.25
10326.25
10922.16
10922.16
10770.76
10770.76
10131.67
10131.67
10104.11
10104.11
10410.49
10410.49
10150.07
10150.07
10141.75
10141.75
10364.91
10364.91
10175.47
10175.47
9722.83
9722.83
9492.81
9492.81
9587.25
9587.25
9624.54
9624.54
9768.36
9768.36
10387.5
10387.5
10625.1
10625.1
10585.2
10585.2
10556.16
10556.16
10309.91
10309.91
10491.96
10491.96
10420.88
10420.88
10314.88
10314.88
10109.46
10109.46
10165.01
10165.01
10428.96
10428.96
10372.29
10372.29
10365.56
10365.56
10313.02
10313.02
10271.79
10271.79
10198.62
10198.62
10163.38
10163.38
10281.03
10281.03
10176.38
10176.38
9988.38
9988.38
10036.98
10036.98
9694.6
9694.6
8542.54
8542.54
8446.97
8446.97
8074.99
8074.99
8201.36
8201.36
8223.65
8223.65
8065.26
8065.26
8314.62
8314.62
8326.64
8326.64
8391.52
8391.52
8246.3
8246.3
8168.05
8168.05
8172.48
8172.48
7868.31
7868.31
8215.11
8215.11
8191.87
8191.87
8593.16
8593.16
8596.57
8596.57
8278.05
8278.05
8316.66
8316.66
8296.34
8296.34
8363.94
8363.94
8173.48
8173.48
8014.39
8014.39
8082.46
8082.46
7972.62
7972.62
7973.63
7973.63
8247.25
8247.25
8223.25
8223.25
8034.5
8034.5
7479.54
7479.54
7444.2
7444.2
8671.1
8671.1
9258.98
9258.98
9550.6
9550.6
9222.23
9222.23
9432.86
9432.86
9169.86
9169.86
9157.52
9157.52
9260.59
9260.59
9311.99
9311.99
9221.61
9221.61
9421.54
9421.54
9323.61
9323.61
9347.27
9347.27
9208.52
9208.52
8772.31
8772.31
8822.19
8822.19
9045.85
9045.85
8726.31
8726.31
8815.14
8815.14
8773.82
8773.82
8640.42
8640.42
8468.57
8468.57
8498.94
8498.94
8515.28
8515.28
8190.16
8190.16
8133.57
8133.57
8093.6
8093.6
7632.59
7632.59
7292.2
7292.2
7339.24
7339.24
6930.09
6930.09
7138.23
7138.23
7170.11
7170.11
7531.5
7531.5
7442.33
7442.33
7769.38
7769.38
7571.77
7571.77
7420.53
7420.53
7320.94
7320.94
7313.64
7313.64
7207.78
7207.78
7406.75
7406.75
7558.58
7558.58
7514.86
7514.86
7539.7
7539.7
7350.62
7350.62
7233.84
7233.84
7212.01
7212.01
7199.39
7199.39
7261.72
7261.72
7080.29
7080.29
7132.39
7132.39
6897.33
6897.33
6635.84
6635.84
7294.53
7294.53
7159.26
7159.26
7203.41
7203.41
7159.47
7159.47
7517.58
7517.58
7326.6
7326.6
7260.91
7260.91
7202.72
7202.72
7207.23
7207.23
7253.82
7253.82
7316.23
7316.23
7399.49
7399.49
7234.44
7234.44
7183.88
7183.88
7189.94
7189.94
6965.72
6965.72
7339.7
7339.7
7357.5
7357.5
7359.96
7359.96
7762.69
7762.69
8160.36
8160.36
8045.15
8045.15
7817.35
7817.35
8190.31
8190.31
8024.58
8024.58
8181.49
8181.49
8106.56
8106.56
8820.95
8820.95
8813.21
8813.21
8719.63
8719.63
8894.83
8894.83
8909.28
8909.28
8702.59
8702.59
8634.03
8634.03
8724.84
8724.84
8667.26
8667.26
8394.28
8394.28
8431.78
8431.78
8345.88
8345.88
8602.37
8602.37
8898.94
8898.94
9391.97
9391.97
9286.18
9286.18
9501.38
9501.38
9342.23
9342.23
9384.45
9384.45
9334.25
9334.25
9288.96
9288.96
9171.98
9171.98
9611.42
9611.42
9755.84
9755.84
9808.36
9808.36
9898.25
9898.25
10157.78
10157.78
9858.03
9858.03
10269.43
10269.43
10347.93
10347.93
10233.32
10233.32
10360.37
10360.37
9905.43
9905.43
9925.51
9925.51
9702.48
9702.48
10182.6
10182.6
9602.43
9602.43
9608.8
9608.8
9697.86
9697.86
9671.46
9671.46
9977.39
9977.39
9664.21
9664.21
9316.18
9316.18
8793.5
8793.5
8821.5
8821.5
8719.29
8719.29
8545.45
8545.45
8549.38
8549.38
8919.74
8919.74
8765.68
8765.68
8773.78
8773.78
9074.82
9074.82
9160.39
9160.39
8903.72
8903.72
8057.67
8057.67
7944.4
7944.4
7894.66
7894.66
7945.36
7945.36
4916.78
4916.78
5632.58
5632.58
5181.77
5181.77
5357.02
5357.02
5045.0
5045.0
5337.66
5337.66
5413.06
5413.06
6184.88
6184.88
6206.44
6206.44
6195.43
6195.43
5828.15
5828.15
6503.53
6503.53
6767.18
6767.18
6694.21
6694.21
6757.95
6757.95
6382.8
6382.8
6252.49
6252.49
5882.2
5882.2
6403.31
6403.31
6423.61
6423.61
6663.63
6663.63
6804.42
6804.42
6743.68
6743.68
6875.95
6875.95
6781.64
6781.64
7347.22
7347.22
7201.57
7201.57
7367.37
7367.37
7294.55
7294.55
6876.49
6876.49
6887.6
6887.6
6913.76
6913.76
6859.43
6859.43
6879.44
6879.44
6629.54
6629.54
7114.55
7114.55
7037.12
7037.12
7264.29
7264.29
7132.88
7132.88
6842.45
6842.45
6855.11
6855.11
7135.41
7135.41
7489.25
7489.25
7509.44
7509.44
7546.92
7546.92
7701.35
7701.35
7787.41
7787.41
7760.32
7760.32
8784.96
8784.96
8637.56
8637.56
8829.12
8829.12
8981.11
8981.11
8907.19
8907.19
8881.65
8881.65
9029.75
9029.75
9153.2
9153.2
9999.93
9999.93
9808.18
9808.18
9541.13
9541.13
8735.05
8735.05
8568.88
8568.88
8821.18
8821.18
9317.44
9317.44
9793.19
9793.19
9311.69
9311.69
9387.08
9387.08
9670.56
9670.56
9722.73
9722.73
9780.2
9780.2
9509.45
9509.45
9059.11
9059.11
9170.74
9170.74
9186.19
9186.19
8718.49
8718.49
8901.48
8901.48
8844.5
8844.5
9204.62
9204.62
9579.71
9579.71
9424.62
9424.62
9699.78
9699.78
9450.47
9450.47
10211.23
10211.23
9523.75
9523.75
9666.06
9666.06
9794.55
9794.55
9622.02
9622.02
9671.46
9671.46
9750.7
9750.7
9782.58
9782.58
9779.7
9779.7
9891.84
9891.84
9268.13
9268.13
9464.23
9464.23
9474.65
9474.65
9333.7
9333.7
9429.65
9429.65
9526.7
9526.7
9459.13
9459.13
9380.67
9380.67
9301.83
9301.83
9359.18
9359.18
9292.81
9292.81
9691.61
9691.61
9624.3
9624.3
9292.94
9292.94
9241.32
9241.32
9158.07
9158.07
9007.14
9007.14
9120.39
9120.39
9187.07
9187.07
9136.47
9136.47
9238.89
9238.89
9092.8
9092.8
9066.46
9066.46
9142.2
9142.2
9081.44
9081.44
9347.05
9347.05
9257.32
9257.32
9439.2
9439.2
9238.95
9238.95
9288.57
9288.57
9237.13
9237.13
9300.95
9300.95
9237.89
9237.89
9256.07
9256.07
9193.22
9193.22
9133.23
9133.23
9156.79
9156.79
9177.22
9177.22
9216.02
9216.02
9164.42
9164.42
9392.83
9392.83
9537.24
9537.24
9615.21
9615.21
9550.23
9550.23
9708.41
9708.41
9942.01
9942.01
11042.94
11042.94
10933.26
10933.26
11112.04
11112.04
11113.66
11113.66
11352.72
11352.72
11812.42
11812.42
11063.5
11063.5
11234.73
11234.73
11194.18
11194.18
11752.05
11752.05
11771.27
11771.27
11603.82
11603.82
11770.77
11770.77
11686.34
11686.34
11897.41
11897.41
11389.01
11389.01
11570.19
11570.19
11790.68
11790.68
11774.52
11774.52
11860.91
11860.91
11917.97
11917.97
12301.19
12301.19
11956.69
11956.69
11760.37
11760.37
11863.43
11863.43
11527.35
11527.35
11670.42
11670.42
11651.52
11651.52
11756.4
11756.4
11330.56
11330.56
11466.89
11466.89
11331.02
11331.02
11535.21
11535.21
11480.48
11480.48
11716.54
11716.54
11657.81
11657.81
11926.69
11926.69
11397.9
11397.9
10174.62
10174.62
10467.33
10467.33
10167.97
10167.97
10260.37
10260.37
10379.08
10379.08
10128.54
10128.54
10228.85
10228.85
10345.68
10345.68
10398.5
10398.5
10448.0
10448.0
10332.36
10332.36
10678.31
10678.31
10786.7
10786.7
10957.1
10957.1
10945.14
10945.14
10937.89
10937.89
11083.61
11083.61
10921.85
10921.85
10418.14
10418.14
10534.73
10534.73
10238.09
10238.09
10742.98
10742.98
10694.12
10694.12
10734.23
10734.23
10781.47
10781.47
10699.0
10699.0
10841.29
10841.29
10779.42
10779.42
10622.79
10622.79
10576.64
10576.64
10552.04
10552.04
10675.52
10675.52
10795.11
10795.11
10603.9
10603.9
10672.67
10672.67
10929.4
10929.4
11058.78
11058.78
11301.57
11301.57
11375.51
11375.51
11539.76
11539.76
11427.29
11427.29
11429.3
11429.3
11508.31
11508.31
11326.25
11326.25
11367.65
11367.65
11513.33
11513.33
11756.88
11756.88
11921.78
11921.78
12813.11
12813.11
12990.25
12990.25
12937.2
12937.2
13126.13
13126.13
13041.21
13041.21
13069.43
13069.43
13646.02
13646.02
13285.97
13285.97
13462.18
13462.18
13565.95
13565.95
13803.41
13803.41
13761.72
13761.72
13571.24
13571.24
14023.78
14023.78
14157.73
14157.73
15599.92
15599.92
15590.62
15590.62
14838.16
14838.16
15488.25
15488.25
15335.03
15335.03
15313.73
15313.73
15707.08
15707.08
16306.53
16306.53
16332.85
16332.85
16075.95
16075.95
15964.7
15964.7
16721.46
16721.46
17681.54
17681.54
17786.27
17786.27
17824.64
17824.64
18672.78
18672.78
18704.06
18704.06
18430.59
18430.59
18385.74
18385.74
19157.16
19157.16
18725.76
18725.76
17175.86
17175.86
17155.0
17155.0
17739.9
17739.9
18199.23
18199.23
19686.87
19686.87
18792.03
18792.03
19226.19
19226.19
19448.44
19448.44
18665.0
18665.0
19156.84
19156.84
19378.94
19378.94
19181.41
19181.41
18323.52
18323.52
18549.92
18549.92
18250.47
18250.47
18034.86
18034.86
18814.98
18814.98
19169.05
19169.05
19274.69
19274.69
19441.96
19441.96
21352.13
21352.13
22822.17
22822.17
23135.57
23135.57
23844.72
23844.72
23467.06
23467.06
22727.13
22727.13
23823.32
23823.32
23239.5
23239.5
23724.2
23724.2
24707.98
24707.98
26445.7
26445.7
26249.27
26249.27
27039.45
27039.45
27360.78
27360.78
28889.61
28889.61
28972.4
28972.4
29388.94
29388.94
32203.64
32203.64
33063.48
33063.48
32030.55
32030.55
34038.29
34038.29
36849.86
36849.86
39479.41
39479.41
40636.24
40636.24
40236.66
40236.66
38202.08
38202.08
35496.03
35496.03
34058.4
34058.4
37380.85
37380.85
39155.58
39155.58
36790.17
36790.17
36025.26
36025.26
35839.51
35839.51
36623.04
36623.04
35932.79
35932.79
35501.38
35501.38
30840.3
30840.3
33008.02
33008.02
32107.29
32107.29
32283.66
32283.66
32275.27
32275.27
32516.52
32516.52
30423.05
30423.05
33443.87
33443.87
34252.08
34252.08
34317.82
34317.82
33143.22
33143.22
33535.94
33535.94
35524.43
35524.43
37677.34
37677.34
36983.42
36983.42
38310.24
38310.24
39267.01
39267.01
38868.82
38868.82
46437.41
46437.41
46509.57
46509.57
44854.95
44854.95
48006.18
48006.18
47435.54
47435.54
47222.32
47222.32
48652.87
48652.87
47936.51
47936.51
49184.63
49184.63
52154.91
52154.91
51591.61
51591.61
55933.47
55933.47
55900.84
55900.84
57469.95
57469.95
54121.17
54121.17
48898.7
48898.7
49738.17
49738.17
47082.87
47082.87
46324.5
46324.5
46191.39
46191.39
45261.03
45261.03
49635.07
49635.07
48501.21
48501.21
50392.55
50392.55
48363.74
48363.74
48775.37
48775.37
48892.8
48892.8
50964.18
50964.18
52405.02
52405.02
54928.7
54928.7
55893.31
55893.31
57809.41
57809.41
57256.22
57256.22
61179.79
61179.79
58998.89
58998.89
55665.01
55665.01
56925.01
56925.01
58909.0
58909.0
57643.32
57643.32
58060.21
58060.21
58101.34
58101.34
57374.95
57374.95
54095.36
54095.36
54355.45
54355.45
52303.02
52303.02
51336.09
51336.09
55055.43
55055.43
55863.73
55863.73
55781.01
55781.01
57626.1
57626.1
58781.54
58781.54
58793.8
58793.8
58730.82
58730.82
58987.8
58987.8
57074.97
57074.97
58219.43
58219.43
59119.56
59119.56
58010.35
58010.35
55951.98
55951.98
58084.46
58084.46
58106.85
58106.85
59784.8
59784.8
59980.45
59980.45
59845.76
59845.76
63558.48
63558.48
62964.27
62964.27
63233.03
63233.03
61416.41
61416.41
60056.07
60056.07
56246.82
56246.82
55680.11
55680.11
56496.06
56496.06
53803.25
53803.25
51717.61
51717.61
51178.03
51178.03
50115.99
50115.99
49120.97
49120.97
54062.29
54062.29
55073.48
55073.48
54877.94
54877.94
53581.58
53581.58
57757.97
57757.97
57843.16
57843.16
56623.51
56623.51
57195.07
57195.07
53244.07
53244.07
57506.88
57506.88
56441.94
56441.94
57374.33
57374.33
58943.13
58943.13
58294.18
58294.18
55870.01
55870.01
56747.52
56747.52
49504.08
49504.08
49700.6
49700.6
49887.96
49887.96
46775.29
46775.29
46490.71
46490.71
43552.14
43552.14
42886.02
42886.02
36771.87
36771.87
40597.4
40597.4
37350.39
37350.39
37491.5
37491.5
34716.84
34716.84
38837.76
38837.76
38387.36
38387.36
39295.08
39295.08
38538.84
38538.84
35680.92
35680.92
34611.58
34611.58
35662.59
35662.59
37290.83
37290.83
36683.51
36683.51
37576.98
37576.98
39229.66
39229.66
36861.5
36861.5
35538.4
35538.4
35798.57
35798.57
33582.86
33582.86
33409.38
33409.38
37391.58
37391.58
36680.78
36680.78
37339.98
37339.98
35541.78
35541.78
39017.37
39017.37
40526.63
40526.63
40161.86
40161.86
38345.41
38345.41
38082.3
38082.3
35830.29
35830.29
35515.38
35515.38
35602.26
35602.26
31652.62
31652.62
32537.58
32537.58
33678.64
33678.64
34649.84
34649.84
31593.86
31593.86
32307.35
32307.35
34713.81
34713.81
34487.11
34487.11
35901.41
35901.41
35056.39
35056.39
33543.11
33543.11
33804.54
33804.54
34682.84
34682.84
35287.97
35287.97
33702.79
33702.79
34237.66
34237.66
33880.79
33880.79
32874.01
32874.01
33804.2
33804.2
33515.13
33515.13
34249.3
34249.3
33088.51
33088.51
32737.47
32737.47
32820.5
32820.5
31867.46
31867.46
31401.76
31401.76
31546.64
31546.64
31806.3
31806.3
30847.55
30847.55
29795.55
29795.55
32139.48
32139.48
32299.47
32299.47
33637.92
33637.92
34282.56
34282.56
35369.93
35369.93
37269.52
37269.52
39496.69
39496.69
40030.01
40030.01
40030.52
40030.52
42231.83
42231.83
41474.72
41474.72
39870.76
39870.76
39158.53
39158.53
38189.3
38189.3
39738.56
39738.56
40888.18
40888.18
42852.18
42852.18
44617.96
44617.96
43827.75
43827.75
46292.61
46292.61
45601.03
45601.03
45556.69
45556.69
44425.52
44425.52
47832.93
47832.93
47102.03
47102.03
47015.94
47015.94
45927.4
45927.4
44684.43
44684.43
44714.54
44714.54
46761.49
46761.49
49336.45
49336.45
48867.87
48867.87
49289.71
49289.71
49521.06
49521.06
47690.54
47690.54
48996.44
48996.44
46852.22
46852.22
49088.1
49088.1
48918.9
48918.9
48794.26
48794.26
46993.31
46993.31
47159.26
47159.26
48840.01
48840.01
49280.77
49280.77
50019.51
50019.51
49935.29
49935.29
51784.16
51784.16
52693.32
52693.32
46856.31
46856.31
46073.45
46073.45
46392.85
46392.85
44853.1
44853.1
45166.12
45166.12
46049.72
46049.72
44958.56
44958.56
47129.01
47129.01
48148.45
48148.45
47764.47
47764.47
47297.98
47297.98
48312.46
48312.46
47251.76
47251.76
42925.46
42925.46
40709.59
40709.59
43576.15
43576.15
44893.87
44893.87
42848.41
42848.41
42721.91
42721.91
43201.79
43201.79
42187.51
42187.51
41056.79
41056.79
41539.43
41539.43
43829.34
43829.34
48164.35
48164.35
47669.02
47669.02
48234.05
48234.05
49276.91
49276.91
51504.27
51504.27
55345.85
55343.24
53797.21
53796.22
53949.29
53949.29
54968.04
54968.04
54700.24
54700.24
57498.8
57498.8
56010.9
56010.9
57369.0
57369.0
57359.21
57359.21
61684.96
61684.96
60877.77
60877.77
61520.54
61520.54
62038.16
62038.16
64283.97
64283.97
66021.02
66021.02
62283.96
62283.96
60693.59
60693.59
61313.09
61313.09
60863.56
60863.56
63089.04
63089.04
60315.68
60315.68
58464.42
58464.42
60610.11
60610.11
62282.5
62282.5
61891.91
61891.91
61349.75
61349.75
60960.98
60960.98
63260.05
63260.05
62929.93
62929.93
61448.47
61448.47
61019.66
61019.66
61529.76
61529.76
63302.78
63302.78
67549.14
67549.14
66939.24
66939.24
64926.06
64926.06
64820.8
64820.8
64156.3
64156.3
64409.56
64409.56
65509.06
65509.06
63614.06
63614.06
60108.9
60108.9
60365.6
60365.6
56930.68
56930.68
58136.22
58136.22
59769.66
59769.66
58700.83
58700.83
56303.06
56303.06
57566.6
57566.6
57175.09
57175.09
58966.99
58966.99
53788.22
53788.22
54805.03
54805.03
57331.41
57331.41
57839.55
57839.55
56975.35
56975.35
57227.97
57227.97
56522.76
56522.76
53663.25
53663.25
49243.39
49243.39
49465.5
49465.5
50552.83
50552.83
50633.01
50633.01
50513.04
50513.04
47593.85
47593.85
47191.14
47191.14
49398.4
49398.4
50109.99
50109.99
46731.03
46731.03
48387.69
48387.69
48885.05
48885.05
47635.92
47635.92
46164.14
46164.14
46861.62
46861.62
46697.13
46697.13
46913.54
46913.54
48917.48
48917.48
48614.97
48614.97
50830.2
50830.2
50840.36
50840.36
50431.63
50431.63
50790.88
50790.88
50714.73
50714.73
47536.39
47536.39
46471.7
46471.7
47129.66
47129.66
46197.31
46197.31
47737.35
47737.35
47306.41
47306.41
46450.79
46450.79
45824.54
45824.54
43432.51
43432.51
43094.54
43094.54
41543.79
41543.79
41686.67
41686.67
41869.6
41869.6
41832.59
41832.59
42743.03
42743.03
43919.67
43919.67
42575.61
42575.61
43089.83
43089.83
43088.74
43088.74
43100.36
43100.36
42224.38
42224.38
42372.75
42372.75
41674.8
41674.8
40697.03
40697.03
36469.3
36469.3
35075.92
35075.92
36288.15
36288.15
36702.79
36702.79
36975.99
36975.99
36829.37
36829.37
37189.85
37189.85
37744.7
37744.7
38184.86
38184.86
37908.44
37908.44
38494.66
38494.66
38721.49
38721.49
36918.19
36918.19
37328.64
37328.64
41590.34
41590.34
41418.21
41418.21
42412.41
42412.41
43861.07
43861.07
44080.12
44080.12
44422.91
44422.91
43531.67
43531.67
42398.98
42398.98
42239.01
42239.01
42069.84
42069.84
42552.28
42552.28
44576.33
44576.33
43896.34
43896.34
40545.09
40545.09
39994.66
39994.66
40107.12
40107.12
38397.25
38397.25
37037.39
37037.39
38267.75
38267.75
37270.85
37270.85
38353.62
38353.62
39239.77
39239.77
39134.83
39134.83
37714.96
37714.96
43189.46
43189.46
44428.47
44428.47
43935.37
43935.37
42474.37
42474.37
39154.4
39154.4
39407.02
39407.02
38428.92
38428.92
38030.63
38030.63
38748.52
38748.52
41962.85
41962.85
39443.42
39443.42
38741.03
38741.03
38805.53
38805.53
37796.31
37796.31
39696.28
39696.28
39314.86
39314.86
41133.64
41133.64
40956.79
40956.79
41790.97
41790.97
42235.02
42235.02
41243.16
41243.16
41043.9
41043.9
42380.11
42380.11
42904.1
42904.1
44006.77
44006.77
44331.36
44331.36
44542.31
44542.31
46842.14
46842.14
47128.71
47128.71
47445.3
47445.3
47056.41
47056.41
45522.65
45522.65
46299.75
46299.75
45822.28
45822.28
46414.26
46414.26
46609.36
46609.36
45501.58
45501.58
43177.78
43177.78
43466.21
43466.21
42273.38
42273.38
42768.61
42768.61
42153.77
42153.77
39536.71
39536.71
40086.66
40086.66
41150.33
41150.33
39951.63
39951.63
40563.69
40563.69
40392.55
40392.55
39688.16
39688.16
40811.03
40811.03
41504.44
41504.44
41375.35
41375.35
40490.97
40490.97
39716.04
39716.04
39445.97
39445.97
39466.26
39466.26
40437.52
40437.52
38117.39
38117.39
39252.04
39252.04
39749.75
39749.75
38594.22
38594.22
37650.13
37650.13
38480.53
38480.53
38513.01
38513.01
37725.38
37725.38
39680.21
39680.21
36546.86
36546.86
36009.89
36009.89
35469.21
35469.21
34033.77
34033.77
30076.9
30076.9
31013.12
31013.12
29017.21
29017.21
28915.72
28915.72
29244.83
29244.83
30050.31
30050.31
31296.11
31296.11
29838.5
29838.5
30415.91
30415.91
28667.29
28667.29
30282.48
30282.48
29166.15
29166.15
29410.72
29410.72
30264.29
30264.29
29075.68
29075.68
29630.05
29630.05
29508.27
29508.27
29188.71
29188.71
28597.33
28597.33
29013.53
29013.53
29452.23
29452.23
31716.41
31716.41
31782.16
31782.16
29789.58
29789.58
30439.63
30439.63
29680.3
29680.3
29845.48
29845.48
29897.9
29897.9
31353.78
31353.78
31111.75
31111.75
30189.27
30189.27
30082.94
30082.94
29067.38
29067.38
28389.49
28389.49
26587.35
26587.35
22471.59
22471.59
22118.37
22118.37
22566.73
22566.73
20372.85
20372.85
20432.26
20432.26
18954.25
18954.25
20553.48
20553.48
20550.91
20550.91
20699.21
20699.21
19956.16
19956.16
21098.41
21098.41
21219.46
21219.46
21474.19
21474.19
21031.85
21031.85
20718.16
20718.16
20251.96
20251.96
20094.16
20094.16
19908.49
19908.49
19249.33
19249.33
19225.66
19225.66
19294.21
19294.21
20212.81
20212.81
20158.69
20158.69
20545.04
20545.04
21611.8
21611.8
21592.65
21592.65
21582.17
21582.17
20846.53
20846.53
19944.25
19944.25
19309.71
19309.71
20230.81
20230.81
20577.38
20577.38
20827.27
20827.27
21199.01
21199.01
20792.81
20792.81
22447.39
22447.39
23399.91
23399.91
23222.77
23222.77
23153.54
23153.54
22686.32
22686.32
22452.14
22452.14
22585.4
22585.4
21305.59
21305.59
21258.08
21258.08
22960.19
22960.19
23855.65
23855.65
23769.15
23769.15
23646.03
23646.03
23308.14
23308.14
23271.57
23271.57
22991.49
22991.49
22825.25
22825.25
22622.99
22622.99
23319.22
23319.22
22956.4
22956.4
23179.86
23179.86
23817.72
23817.72
23156.66
23156.66
23959.67
23959.67
23943.36
23943.36
24412.17
24412.17
24449.86
24449.86
24313.71
24313.71
24101.69
24101.69
23858.64
23858.64
23338.03
23338.03
23201.51
23201.51
20833.43
20833.43
21142.06
21142.06
21514.79
21514.79
21399.66
21399.66
21520.62
21520.62
21369.05
21369.05
21565.47
21565.47
20247.99
20247.99
20038.42
20038.42
19554.08
19554.08
20292.37
20292.37
19813.51
19813.51
20050.28
20050.28
20129.93
20129.93
19957.44
19957.44
19834.79
19834.79
20003.46
20003.46
19793.29
19793.29
18791.95
18791.95
19287.52
19287.52
19321.77
19321.77
21369.73
21369.73
21655.13
21655.13
21836.45
21836.45
22400.52
22400.52
20173.77
20173.77
20233.68
20233.68
19700.15
19700.15
19804.02
19804.02
20118.35
20118.35
19417.72
19417.72
19541.28
19541.28
18879.95
18879.95
18468.05
18468.05
19405.96
19405.96
19291.13
19291.13
18924.39
18924.39
18809.94
18809.94
19230.96
19230.96
19081.4
19081.4
19412.67
19412.67
19593.46
19593.46
19425.63
19425.63
19313.96
19313.96
19058.15
19058.15
19632.35
19632.35
20344.58
20344.58
20160.74
20160.74
19965.12
19965.12
19532.81
19532.81
19419.32
19419.32
19442.41
19442.41
19131.36
19131.36
19058.29
19058.29
19154.85
19154.85
19378.91
19378.91
19182.01
19182.01
19069.72
19069.72
19264.26
19264.26
19550.49
19550.49
19330.29
19330.29
19123.89
19123.89
19043.54
19043.54
19166.4
19166.4
19207.57
19207.57
19572.6
19572.6
19331.06
19331.06
20087.18
20087.18
20776.76
20776.76
20295.28
20295.28
20599.89
20599.89
20820.19
20820.19
20630.65
20630.65
20492.56
20492.56
20480.27
20480.27
20150.33
20150.33
20207.99
20207.99
21150.6
21150.6
21301.57
21301.57
20910.59
20910.59
20593.73
20593.73
18544.7
18544.7
15820.02
15820.02
17559.67
17559.67
17007.72
17007.72
16773.9
16773.9
16307.47
16307.47
16592.04
16592.04
16879.14
16879.14
16648.05
16648.05
16680.21
16680.21
16677.95
16677.95
16683.72
16683.72
16253.6
16253.6
15760.19
15760.19
16198.25
16198.25
16590.98
16590.98
16588.46
16588.46
16508.33
16508.33
16451.53
16451.53
16420.87
16420.87
16207.01
16207.01
16431.79
16431.79
17162.35
17162.35
16978.64
16978.64
17094.49
17094.49
16888.31
16888.31
17111.76
17111.76
16966.84
16966.84
17086.52
17086.52
16837.85
16837.85
17226.02
17226.02
17126.85
17126.85
17129.19
17129.19
17094.83
17094.83
17208.66
17208.66
17775.32
17775.32
17801.37
17801.37
17359.21
17359.21
16658.44
16658.44
16780.55
16780.55
16742.74
16742.74
16442.79
16442.79
16901.12
16901.12
16821.13
16821.13
16816.01
16816.01
16780.97
16780.97
16837.16
16837.16
16829.1
16829.1
16916.07
16916.07
16700.54
16700.54
16540.47
16540.47
16631.24
16631.24
16599.47
16599.47
16531.31
16531.31
16613.87
16613.87
16670.08
16670.08
16670.16
16670.16
16846.82
16846.82
16825.87
16825.87
16946.16
16946.16
16942.73
16942.73
17115.81
17115.81
17179.03
17179.03
17442.44
17442.44
17938.0
17938.0
18849.0
18849.0
19932.05
19932.05
20954.52
20954.52
20878.94
20878.94
21188.92
21188.92
21136.12
21136.12
20678.47
20678.47
21082.28
21082.28
22676.2
22676.2
22789.92
22789.92
22714.99
22714.99
22917.47
22917.47
22637.8
22637.8
23066.28
23066.28
23009.15
23009.15
23077.75
23077.75
23031.02
23031.02
23747.26
23747.26
22833.34
22833.34
23129.7
23129.7
23730.52
23730.52
23470.8
23470.8
23437.21
23437.21
23332.1
23332.1
22940.79
22940.79
22761.44
22761.44
23252.78
23252.78
22961.13
22961.13
21807.55
21807.55
21634.86
21634.86
21862.19
21862.19
21790.14
21790.14
21787.77
21787.77
22208.56
22208.56
24332.21
24332.21
23533.22
23533.22
24578.28
24578.28
24638.27
24638.27
24287.53
24287.53
24838.09
24838.09
24450.5
24450.5
24186.92
24186.92
23941.1
23941.1
23189.78
23189.78
23167.45
23167.45
23557.39
23557.39
23490.07
23490.07
23134.2
23134.2
23641.2
23641.2
23467.22
23467.22
22361.45
22361.45
22351.08
22351.08
22433.65
22433.65
22410.34
22410.34
22200.87
22200.87
21707.57
21707.57
20369.38
20369.38
20207.71
20207.71
20610.5
20610.5
22180.75
22180.75
24205.82
24205.82
24758.71
24758.71
24369.16
24369.16
25051.31
25051.31
27440.55
27440.55
26973.38
26973.38
28037.32
28037.32
27807.29
27807.29
28185.99
28185.99
27317.37
27317.37
28345.69
28345.69
27491.73
27491.73
27493.43
27493.43
27996.81
27996.81
27145.09
27145.09
27274.9
27274.9
28355.87
28355.87
28037.46
28037.46
28477.29
28477.29
28465.3
28465.3
28186.76
28186.76
27810.08
27810.08
28178.13
28178.13
28181.03
28181.03
28045.06
28045.06
27910.62
27910.62
27953.79
27953.79
28341.05
28341.05
29654.81
29654.81
30226.1
30226.1
29905.2
29905.2
30404.37
30404.37
30493.01
30493.01
30321.23
30321.23
30322.77
30322.77
29446.77
29446.77
30396.77
30396.77
28828.2
28828.2
28245.06
28245.06
27260.85
27260.85
27818.87
27818.87
27596.71
27596.71
27520.33
27520.33
28308.39
28308.39
28433.41
28433.41
29485.09
29485.09
29339.91
29339.91
29250.94
29250.94
29234.41
29234.41
28086.19
28086.19
28694.85
28694.85
29041.0
29041.0
28866.54
28866.54
29550.84
29550.84
28943.94
28943.94
28574.43
28574.43
27781.0
27781.0
27679.75
27679.75
27628.13
27628.13
26992.24
26992.24
26807.89
26807.89
26789.55
26789.55
26932.09
26932.09
27175.06
27175.06
27036.63
27036.63
27404.35
27404.35
26821.85
26821.85
26887.96
26887.96
27117.18
27117.18
26755.7
26755.7
26855.83
26855.83
27224.64
27224.64
26326.59
26326.59
26480.31
26480.31
26721.25
26721.25
26872.08
26872.08
28077.15
28077.15
27746.07
27746.07
27702.14
27702.14
27220.7
27220.7
26826.95
26826.95
27251.31
27251.31
27078.29
27078.29
27126.86
27126.86
25740.49
25740.49
27264.0
27264.0
26349.52
26349.52
26507.99
26507.99
26483.95
26483.95
25856.35
25856.35
25936.78
25936.78
25905.8
25905.8
25925.2
25925.2
25126.91
25126.91
25575.24
25575.24
26329.75
26329.75
26510.42
26510.42
26338.27
26338.27
26837.26
26837.26
28318.58
28318.58
30000.86
30000.86
29893.34
29893.34
30700.29
30700.29
30548.03
30548.03
30473.33
30473.33
30274.61
30274.61
30698.21
30698.21
30080.24
30080.24
30446.53
30446.53
30471.0
30471.0
30590.71
30590.71
30618.42
30618.42
31158.79
31158.79
30775.24
30775.24
30502.9
30502.9
29913.39
29913.39
30349.83
30349.83
30294.08
30294.08
30170.46
30170.46
30420.55
30420.55
30627.2
30627.2
30382.25
30382.25
31475.67
31475.67
30329.63
30329.63
30298.63
30298.63
30248.17
30248.17
30147.6
30147.6
29863.32
29863.32
29918.31
29918.31
29809.67
29809.67
29910.93
29910.93
29790.37
29790.37
30085.53
30085.53
29178.09
29178.09
29225.94
29225.94
29351.49
29351.49
29216.8
29216.8
29317.1
29317.1
29359.83
29359.83
29282.65
29282.65
29231.47
29231.47
29710.4
29710.4
29165.64
29165.64
29177.67
29177.67
29078.88
29078.88
29050.34
29050.34
29046.16
29046.16
29182.05
29182.05
29770.63
29770.63
29566.24
29566.24
29428.11
29428.11
29403.57
29403.57
29417.07
29417.07
29281.59
29281.59
29409.23
29409.23
29172.78
29172.78
28702.69
28702.69
26634.84
26634.84
26049.84
26049.84
26095.78
26095.78
26191.28
26191.28
26125.92
26125.92
26041.29
26041.29
26432.38
26432.38
26166.22
26166.22
26050.97
26050.97
26010.35
26010.35
26091.32
26091.32
26106.0
26106.0
27724.41
27724.41
27305.41
27305.41
25937.29
25937.29
25798.79
25798.79
25868.56
25868.56
25971.37
25971.37
25816.24
25816.24
25785.01
25785.01
25751.71
25751.71
26264.75
26264.75
25907.13
25907.13
25898.41
25898.41
25833.67
25833.67
25157.07
25157.07
25840.34
25840.34
26227.49
26227.49
26533.66
26533.66
26605.49
26605.49
26569.13
26569.13
26533.12
26533.12
26767.82
26767.82
27219.02
27219.02
27126.4
27126.4
26567.47
26567.47
26583.16
26583.16
26585.41
26585.41
26261.44
26261.44
26297.93
26297.93
26212.59
26212.59
26360.2
26360.2
27027.2
27027.2
26909.4
26909.4
26964.27
26964.27
27994.51
27994.51
27507.22
27507.22
27428.66
27428.66
27789.8
27789.8
27414.59
27414.59
27946.61
27946.61
27973.69
27973.69
27933.57
27933.57
27598.77
27598.77
27395.4
27395.4
26871.21
26871.21
26756.23
26756.23
26862.9
26862.9
26854.52
26854.52
27177.41
27177.41
28518.37
28518.37
28409.46
28409.46
28328.07
28328.07
28733.78
28733.78
29684.37
29684.37
29924.08
29924.08
30001.44
30001.44
33084.08
33084.08
33923.52
33923.52
34503.4
34503.4
34157.06
34157.06
33907.7
33907.7
34090.05
34090.05
34535.38
34535.38
34494.56
34494.56
34657.73
34657.73
35439.76
35439.76
34947.15
34947.15
34732.28
34732.28
35086.09
35086.09
35039.47
35039.47
35054.59
35054.59
35421.85
35421.85
35638.33
35638.33
36704.14
36704.14
37321.51
37321.51
37142.22
37142.22
37079.76
37079.76
36482.51
36482.51
35551.21
35551.21
37884.19
37884.19
36162.42
36162.42
36626.32
36626.32
36591.19
36591.19
37388.64
37388.64
37476.66
37476.66
35758.72
35758.72
37424.2
37424.2
37299.18
37299.18
37737.05
37737.05
37801.92
37801.92
37460.21
37460.21
37246.29
37246.29
37836.63
37836.63
37861.9
37861.9
37729.58
37729.58
38699.84
38699.84
39469.35
39469.35
39980.93
39980.93
41984.41
41984.41
44089.06
44089.06
43771.01
43771.01
43285.02
43285.02
44186.18
44186.18
43723.0
43723.0
43791.67
43791.67
41235.58
41235.58
41472.94
41472.94
42887.55
42887.55
43030.6
43030.6
41939.16
41939.16
42243.26
42243.26
41349.42
41349.42
42650.27
42650.27
42268.08
42268.08
43669.91
43669.91
43875.01
43875.01
44008.04
44008.04
43732.75
43732.75
43023.12
43023.12
43593.79
43593.79
42517.32
42517.32
43469.34
43469.34
42588.94
42588.94
42073.59
42073.59
42146.03
42146.03
42280.14
42280.14
44197.61
44197.61
44970.34
44970.34
42854.08
42854.08
44194.38
44194.38
44178.89
44178.89
43988.33
43988.33
43950.84
43950.84
46988.14
46988.14
46123.0
46123.0
46667.48
46667.48
46353.15
46353.15
42776.42
42776.42
42839.19
42839.19
41704.39
41704.39
42491.26
42491.26
43130.88
43130.88
42739.27
42739.27
41286.68
41286.68
41625.47
41625.47
41677.08
41677.08
41570.17
41570.17
39523.63
39523.63
39876.44
39876.44
40078.62
40078.62
39941.74
39941.74
41816.55
41816.55
42124.02
42124.02
42028.92
42028.92
43302.28
43302.28
42943.64
42943.64
42555.08
42555.08
43073.2
43073.2
43181.71
43181.71
42999.52
42999.52
42570.21
42570.21
42664.56
42664.56
43091.51
43091.51
44339.04
44339.04
45304.61
45304.61
47154.23
47154.23
47768.12
47768.12
48311.16
48311.16
49942.97
49942.97
49733.11
49733.11
51844.19
51844.19
51934.57
51934.57
52163.28
52163.28
52027.06